0 1 0
0.05 1 -0.05
0.1 0.9975 -0.099875
0.15000000000000002 0.99250625 -0.1495003125
0.2 0.9850312343750001 -0.19875187421875
0.25 0.9750936406640626 -0.24750655625195314
0.30000000000000004 0.9627183128514649 -0.2956424718945264
0.35000000000000003 0.9479361892567386 -0.34303928135736333
0.4 0.9307842251888705 -0.3895784926168069
0.45 0.9113053005580302 -0.43514375764470836
0.5 0.8895481126757947 -0.47962116327849813
0.55 0.8655670545118698 -0.5228995160040917
0.6000000000000001 0.8394220787116652 -0.5648706199396749
0.65 0.8111785477146815 -0.605429547325409
0.7000000000000001 0.780907070348411 -0.6444749008428295
0.75 0.7486833253062696 -0.681909067108143
0.8 0.7145878719508624 -0.7176384607056862
0.8500000000000001 0.6787059489155781 -0.7515737581514651
0.9 0.6411272610080049 -0.7836301212018654
0.9500000000000001 0.6019457549479116 -0.813727408949261
1 0.5612593845004485 -0.8417903781742834
1.05 0.5191698655917344 -0.8677488714538701
1.1 0.47578242201904086 -0.8915379925548221
1.1500000000000001 0.4312055223912997 -0.9130982686743871
1.2000000000000002 0.38555060895758037 -0.9323757991222662
1.25 0.33893181900146707 -0.9493223900723395
1.3 0.29146569949785006 -0.9638956750472321
1.35 0.24327091574548845 -0.9760592208345065
1.4000000000000001 0.19446795470376313 -0.9857826185696946
1.4500000000000002 0.1451788237752784 -0.9930415597584585
1.5 0.09552674578735548 -0.9978178970478263
1.55 0.04563585093496417 -1.0000996895945746
1.6 -0.004369133544764564 -0.9998812329173364
1.6500000000000001 -0.05436319519063139 -0.9971630731578048
1.7000000000000002 -0.10422134884852163 -0.9919520057153788
1.75 -0.15381894913429056 -0.9842610582586643
1.8 -0.20303200204722377 -0.9741094581563031
1.85 -0.25173747495503895 -0.9615225844085512
1.9000000000000001 -0.29981360417546654 -0.9465319041997778
1.9500000000000002 -0.34714019938545543 -0.929174894230505
2 -0.3935989440969807 -0.909494947025656
2.0500000000000003 -0.4390736914482635 -0.8875412624532428
2.1 -0.4834507545709257 -0.8633687247246965
2.15 -0.5266191908071605 -0.8370377651843385
2.2 -0.5684710790663774 -0.8086142112310196
2.25 -0.6089017896279284 -0.7781691217496232
2.3000000000000003 -0.6478102457154096 -0.7457786094638527
2.35 -0.6850991761886022 -0.7115236506544226
2.4000000000000004 -0.7206753587213233 -0.6754898827183564
2.45 -0.7544498528572411 -0.6377673900754943
2.5 -0.7863382223610158 -0.5984504789574435
2.5500000000000003 -0.816260746308888 -0.5576374416419991
2.6 -0.8441426183909879 -0.5154303107224497
2.6500000000000004 -0.8699141339271104 -0.4719346040260942
2.7 -0.8935108641284151 -0.42725906081967346
2.75 -0.9148738171693988 -0.3815153699612035
2.8000000000000003 -0.9339495856674589 -0.3348178906778305
2.85 -0.9506904802013504 -0.287283366667763
2.9000000000000004 -0.9650546485347385 -0.23903063424102605
2.95 -0.9770061802467899 -0.19018032522868655
3 -0.9865151965082242 -0.14085456540327534
3.0500000000000003 -0.9935579247783879 -0.09117666916435595
3.1 -0.9981167582366057 -0.04127083125252566
3.1500000000000004 -1.000180299799232 0.008738183737435942
3.2 -0.9997433906123602 0.058725353268053955
3.25 -0.9968071229489575 0.10856570941550184
3.3000000000000003 -0.9913788374781823 0.15813465128941095
3.35 -0.9834721049137118 0.20730825653509655
3.4000000000000004 -0.973106692086957 0.2559635911394444
3.45 -0.9603085125299847 0.30397901676594363
3.5 -0.9451095616916876 0.35123449485052805
3.5500000000000003 -0.9275478369491612 0.3976118866979861
3.6 -0.9076672426142619 0.4429952488286992
3.6500000000000004 -0.8855174801728269 0.48727112283734053
3.7 -0.8611539240309599 0.5303288190388885
3.75 -0.8346374830790155 0.5720606931928393
3.8000000000000003 -0.8060344484193736 0.6123624156138079
3.85 -0.7754163276386832 0.651133231995742
3.9000000000000004 -0.7428596660388961 0.6882762152976868
3.95 -0.7084458552740117 0.7236985080613874
4 -0.6722609298709423 0.7573115545549345
4.05 -0.6343953521431956 0.7890313221620943
4.1000000000000005 -0.5949437860350909 0.8187785114638488
4.15 -0.5540048604618985 0.8464787544869438
4.2 -0.5116809227375513 0.8720628006238214
4.25 -0.4680777827063602 0.8954666897591393
4.3 -0.42330444821840324 0.9166319121700595
4.3500000000000005 -0.37747285260990027 0.9355055548005544
4.4 -0.33069757486987256 0.952040433544048
4.45 -0.28309555319267016 0.9661952112036815
4.5 -0.23478579263248608 0.9779345008353058
4.55 -0.1858890675907208 0.9872289542148418
4.6000000000000005 -0.1365276198799787 0.9940553352088407
4.65 -0.08682485311953665 0.9983965778648175
4.7 -0.036905024226295775 1.0002418290761323
4.75 0.013107067227510844 0.9995864757147568
4.800000000000001 0.06308639101324869 0.9964321561640943
4.8500000000000005 0.1129079988214534 0.9907867562230216
4.9 0.16244733663260447 0.9826643893913913
4.95 0.21158055610217402 0.9720853615862827
5 0.26018482418148814 0.9590761203772082
5.050000000000001 0.30813863020034854 0.9436691888671909
5.1000000000000005 0.3553220896437081 0.9259030843850055
5.15 0.4016172438629584 0.9058222221918575
5.2 0.44690835497255127 0.88347680444323
5.25 0.49108219519471275 0.8589226946834944
5.300000000000001 0.5340283299288875 0.8322212781870499
5.3500000000000005 0.57563939383824 0.8034393084951379
5.4 0.6158113592629969 0.7726487405319881
5.45 0.6544437962895964 0.7399265507175082
5.5 0.6914401238254718 0.7053545445262347
5.550000000000001 0.7267078510517836 0.6690191519736455
5.6000000000000005 0.7601588086504658 0.6310112115411222
5.65 0.7917093692275219 0.591425743079746
5.7 0.8212806563815092 0.5503617102606706
5.75 0.8487987418945426 0.5079217731659434
5.800000000000001 0.8741948305528398 0.46421203163830144
5.8500000000000005 0.8974054321347549 0.4193417600315637
5.9 0.9183725201363331 0.373423134024747
5.95 0.9370436768375704 0.3265709501828685
6 0.9533722243467139 0.27890233896553285
6.050000000000001 0.9673173412949905 0.23053647190078333
6.1000000000000005 0.9788441648900297 0.18159426365628184
6.15 0.9879238780728438 0.13219806975263965
6.2 0.9945337815604758 0.08247138067461585
6.25 0.9986573505942066 0.032538513144905516
6.300000000000001 1.0002842762514519 -0.017475700667667078
6.3500000000000005 0.9994104912180686 -0.06744622522857051
6.4 0.99603817995664 -0.11724813422640251
6.45 0.9901757732453199 -0.1667569228886685
6.5 0.9818379271008865 -0.21584881924371283
6.550000000000001 0.9710454861387008 -0.2644010935506479
6.6000000000000005 0.9578254314611684 -0.3122923651237063
6.65 0.9422108132049831 -0.35940290578395545
6.7 0.9242406679157853 -0.4056149391797447
6.75 0.9039599209567981 -0.45081293522758464
6.800000000000001 0.8814192741954189 -0.49488389893735557
6.8500000000000005 0.8566750792485511 -0.5377176528997831
6.9 0.829789196603562 -0.5792071127299612
6.95 0.800828840967064 -0.6192485547783144
7 0.7698664132281483 -0.6577418754397218
7.050000000000001 0.7369793194561622 -0.6945908414125299
7.1000000000000005 0.7022497773855357 -0.7297033302818067
7.15 0.6657646108714455 -0.762991560825379
7.2 0.6276150328301765 -0.7943723124668878
7.25 0.5878964172068322 -0.8237671333272294
7.300000000000001 0.5467080605404707 -0.8511025363542529
7.3500000000000005 0.504152933722758 -0.8763101830403909
7.4 0.4603374245707385 -0.8993270542689278
7.45 0.4153710718572921 -0.9200956078617923
7.5 0.36936629146420247 -0.9385639224350024
7.550000000000001 0.3224380953424523 -0.954685827202125
7.6000000000000005 0.27470380398234606 -0.9684210174012423
7.65 0.22628275311228394 -0.9797351550568565
7.7 0.1772959953594411 -0.9885999548248285
7.75 0.12786599761819967 -0.9949932547057385
7.800000000000001 0.07811633488291274 -0.9988990714498841
7.8500000000000005 0.028171381310418533 -1.000307640515405
7.9 -0.021844000715351718 -0.9992154404796374
7.95 -0.07180477273933358 -0.9956252018426707
8 -0.12158603283146713 -0.9895459002010973
8.05 -0.171063327841522 -0.9809927338090212
8.1 -0.22011296453197307 -0.9699870855824225
8.15 -0.2686123188110942 -0.9565564696418678
8.200000000000001 -0.3164401422931876 -0.9407344625272084
8.25 -0.36347686541954805 -0.922560619256231
8.3 -0.4096048963823596 -0.902080374437113
8.35 -0.45470891510421524 -0.8793449286819022
8.4 -0.49867616153831035 -0.8544111206049867
8.450000000000001 -0.5413967175685597 -0.8273412847265587
8.5 -0.5827637818048876 -0.7982030956363143
8.55 -0.6226739365867033 -0.7670693988069791
8.6 -0.6610274065270523 -0.7340180284806265
8.65 -0.6977283079510836 -0.6991316130830723
8.700000000000001 -0.7326848886052373 -0.6624973686528104
8.75 -0.7658097570378778 -0.6242068808009165
8.8 -0.7970201010779236 -0.5843558757470203
8.85 -0.8262378948652747 -0.5430439810037566
8.9 -0.8533900939154625 -0.5003744763079835
8.950000000000001 -0.8784088177308617 -0.4564540354214404
9 -0.9012315195019337 -0.41139245944634373
9.05 -0.9218011424742509 -0.36530240232263117
9.1 -0.9400662625903825 -0.31829908919311206
9.15 -0.9559812170500381 -0.27050002834061015
9.200000000000001 -0.9695062184670686 -0.2220247174172567
9.25 -0.9806074543379315 -0.17299434470036013
9.3 -0.9892571715729495 -0.12353148612171265
9.35 -0.9954337458790351 -0.07375979882776089
9.4 -0.9991217358204232 -0.023803712036739727
9.450000000000001 -1.0003119214222602 0.026211884034373287
9.5 -0.9990013272205416 0.07616195039540037
9.55 -0.9951932297007715 0.12592161188043893
9.600000000000001 -0.9888971491067495 0.1753664693357764
9.65 -0.9801288256399607 0.22437291061777445
9.700000000000001 -0.968910180109072 0.27281841962322806
9.75 -0.9552692591279106 0.3205818825796236
9.8 -0.9392401649989295 0.36754389082957006
9.850000000000001 -0.920862970457451 0.4135870393524426
9.9 -0.9001836184898289 0.4585962202769341
9.950000000000001 -0.8772538074759821 0.5024589106507332
10 -0.8521308619434455 0.5450654537479055
10.05 -0.8248775892560501 0.586309333210708
10.100000000000001 -0.7955621225955147 0.6260874393404837
10.15 -0.7642577506284906 0.6643003268719082
10.200000000000001 -0.7310427342848952 0.7008524635861529
10.25 -0.6960001111055876 0.7356524691414323
10.3 -0.659217487648516 0.7686133435238581
10.350000000000001 -0.620786820472323 0.7996526845474743
10.4 -0.5808041862449493 0.8286928938597218
10.450000000000001 -0.5393695415519633 0.85566137093732
10.5 -0.4965864730050973 0.8804906945875748
10.55 -0.45256193827571856 0.9031187915013608
10.600000000000001 -0.40740599870065053 0.9234890914363932
10.65 -0.36123154412883085 0.9415506686428348
10.700000000000001 -0.31415401069668913 0.9572583691776693
10.75 -0.26629109223780567 0.9705729237895595
10.8 -0.2177624460483277 0.9814610460919759
10.850000000000001 -0.1686893937437289 0.9898955157791623
10.9 -0.11919461795477079 0.9958552466769008
10.950000000000001 -0.06940185562092574 0.9993253394579471
11 -0.019435588648028385 1.0002971188903484
11.05 0.030579267296489042 0.998768155525524
11.100000000000001 0.08051767507276525 0.9947422717718858
11.15 0.13025478866135953 0.9882295323388178
11.200000000000001 0.17966626527830043 0.9792462190749028
11.25 0.22862857623204558 0.9678147902633005
11.3 0.2770193157452106 0.95396382447604
11.350000000000001 0.3247175069690126 0.9377279491275894
11.4 0.37160390442539204 0.9191477539063198
11.450000000000001 0.417561292120708 0.8982696893002844
11.5 0.4624747765857222 0.8751459504709983
11.55 0.5062320741092722 0.8498343467655347
11.600000000000001 0.5487237914475489 0.8223981571931572
11.65 0.5898436993072068 0.7929059722277969
11.700000000000001 0.6294889979185967 0.7614315223318671
11.75 0.6675605740351901 0.7280534936301075
11.8 0.7039632487166955 0.6928553311942728
11.850000000000001 0.7386060152764091 0.6559250304304524
11.9 0.7714022667979318 0.6173549170905558
11.950000000000001 0.8022700126524596 0.5772414164579328
12 0.8311320834753562 0.535684812284165
12.05 0.8579163240895644 0.49278899607968674
12.100000000000001 0.8825557738935488 0.4486612073850093
12.15 0.9049888342627992 0.4034117656718693
12.200000000000001 0.9251594225463926 0.35715379454454965
12.25 0.9430171122736201 0.31000293893086867
12.3 0.9585172592201635 0.2620770759698605
12.350000000000001 0.9716211130186565 0.2134960203189277
12.4 0.9822959140346029 0.16438122461719756
12.450000000000001 0.9905149752654628 0.11485547585392442
12.5 0.996257749058159 0.06504258840101645
12.55 0.9995098784782098 0.015067094477105962
12.600000000000001 1.0002632332020651 -0.034946067182997295
12.65 0.9985159298429153 -0.08487186367514306
12.700000000000001 0.9942723366591582 -0.13458548050810099
12.75 0.9875430626337531 -0.18396263363978865
12.8 0.9783449309517637 -0.23287988018737685
12.850000000000001 0.9667009369423948 -0.2812149270344966
12.9 0.95264019059067 -0.3288469365640301
12.950000000000001 0.9361978437624685 -0.3756568287521535
13 0.9174150023248608 -0.42152757886839654
13.05 0.896338623381441 -0.4663445100374686
13.100000000000001 0.8730213978795676 -0.509995579931447
13.15 0.8475216188829953 -0.5523716608755967
13.200000000000001 0.8199030358392154 -0.5933668126675575
13.25 0.7902346952058376 -0.6328785474278494
13.3 0.7585907678344451 -0.6708080858195717
13.350000000000001 0.7250503635434665 -0.7070606039967451
13.4 0.6896973333436293 -0.7415454706639265
13.450000000000001 0.6526200598104329 -0.7741764736544482
13.5 0.6139112361277105 -0.8048720354608337
13.55 0.5736676343546688 -0.8335554171785672
13.600000000000001 0.5319898634957405 -0.8601549103533542
13.65 0.4889821179780728 -0.8846040162522578
13.700000000000001 0.4447519171654599 -0.9068416121105308
13.75 0.3994098365599334 -0.9268121039385275
13.8 0.353069231363007 -0.9444655655066779
13.850000000000001 0.3058459530876731 -0.9597578631610616
13.9 0.25785805992962 -0.9726507661575426
13.950000000000001 0.20922552162174288 -0.9831120422386298
14 0.1600699195098114 -0.9911155382141204
14.05 0.11051414259910537 -0.9966412453440756
14.100000000000001 0.06068208033190159 -0.9996753493606707
14.15 0.010698312863868048 -1.000210265003864
14.200000000000001 -0.03931220038632516 -0.9982446549845477
14.25 -0.08922443313555255 -0.9937834333277701
14.3 -0.13891360480194104 -0.9868377530876731
14.350000000000001 -0.1882554924563247 -0.9774249784648569
14.4 -0.23712674137956755 -0.9655686413958785
14.450000000000001 -0.28540517344936145 -0.9512983827234104
14.5 -0.33297009258553195 -0.9346498780941338
14.55 -0.37970258649023864 -0.9156647487696219
14.600000000000001 -0.42548582392871975 -0.8943904575731859
14.65 -0.470205346807379 -0.8708801902328169
14.700000000000001 -0.5137493563190199 -0.8451927224168659
14.75 -0.5560089924398631 -0.8173922727948728
14.8 -0.5968786060796067 -0.7875483424908925
14.850000000000001 -0.6362560232041514 -0.7557355413306849
14.9 -0.6740428002706856 -0.7220334013171505
14.950000000000001 -0.7101444703365432 -0.6865261778003234
15 -0.7444707792265594 -0.6493026388389954
15.05 -0.7769359111685091 -0.61045584328057
15.100000000000001 -0.8074587033325377 -0.5700829081139431
15.15 -0.8359628487382348 -0.5282847656770314
15.200000000000001 -0.8623770870220864 -0.4851659113259271
15.25 -0.8866353825883827 -0.44083414219650796
15.3 -0.9086770896982082 -0.3954002877115975
15.350000000000001 -0.928447104083788 -0.3489779325074081
15.4 -0.9458960007091585 -0.30168313247195017
15.450000000000001 -0.960980157332756 -0.25363412460531237
15.5 -0.9736618635630216 -0.20495103142716128
15.55 -0.9839094151343797 -0.1557555606704423
15.600000000000001 -0.9916971931679018 -0.1061707010120472
15.65 -0.9970057282185042 -0.05632041460112199
15.700000000000001 -0.9998217489485602 -0.006329327153693977
15.75 -1.000138215306245 0.043677583611618276
15.8 -0.9979543361256641 0.09357530041790149
15.850000000000001 -0.993275571104769 0.14323907897313995
15.9 -0.986113617156112 0.19254475983094554
15.950000000000001 -0.9764863791645647 0.2413690787891738
16 -0.964417925225106 0.2895899750504291
16.05 -0.9499384264725846 0.3370868963740583
16.1 -0.9330840816538817 0.3837411004567524
16.150000000000002 -0.9138970266310441 0.4294359517883046
16.2 -0.8924252290416289 0.4740572132403861
16.25 -0.8687223683796096 0.5174933316593666
16.3 -0.8428477017966413 0.5596357167491987
16.35 -0.8148659159591813 0.6003790125471578
16.400000000000002 -0.7848469653318234 0.6396213608137489
16.45 -0.752865897291136 0.6772646556783056
16.5 -0.7190026645072207 0.7132147889036666
16.55 -0.6833419250620374 0.7473818851567685
16.6 -0.645972830804199 0.7796805266969784
16.650000000000002 -0.6069888044693501 0.8100299669204459
16.7 -0.5664873061233278 0.8383543322266123
16.75 -0.5245695895119972 0.8645828117022121
16.8 -0.48134044892688654 0.8886498341485564
16.85 -0.43690795721945874 0.9104952320095293
16.900000000000002 -0.39138319561898227 0.9300643917904784
16.95 -0.34487997602945836 0.9473083905919513
17 -0.2975145564998608 0.9621841184169443
17.05 -0.24940535057901358 0.9746543859458949
17.1 -0.20067263128171883 0.9846880175099809
17.150000000000002 -0.1514382304062198 0.9922599290302919
17.2 -0.10182523395470519 0.9973511907280271
17.25 -0.05195767441830383 0.9999490744489423
17.3 -0.001960220695856711 1.000047085483735
17.35 0.048042133578330044 0.9976449788048186
17.400000000000002 0.09792438251857097 0.9927487596788901
17.45 0.14756182050251548 0.9853706686537643
17.5 0.1968303539352037 0.9755291509570041
17.55 0.2456068114830539 0.9632488103828514
17.6 0.2937692520021965 0.9485603477827416
17.650000000000002 0.3411972693913336 0.9315004843131749
17.7 0.38777229360699234 0.9121118696328253
17.75 0.4333778870886336 0.8904429752783937
17.8 0.4779000358525533 0.866547973485766
17.85 0.5212274345268416 0.8404866017594239
17.900000000000002 0.5632517646148129 0.8123240135286832
17.95 0.603867965291247 0.7821306152641209
18 0.642974496054453 0.7499818904613982
18.05 0.6804735905775229 0.715958210932522
18.1 0.716271501124149 0.6801446358763146
18.150000000000002 0.7502787329179647 0.6426306992304164
18.2 0.7824102678794854 0.6035101858364421
18.25 0.8125857771713075 0.5628808969778767
18.3 0.8407298220202014 0.5208444058768666
18.35 0.8667720423140447 0.4775058037611644
18.400000000000002 0.8906473325021029 0.4329734371360593
18.45 0.9122960043589059 0.387358636918114
18.5 0.9316639362048116 0.3407754401078734
18.55 0.9487027082102053 0.29334030469736316
18.6 0.9633697234450734 0.2451718185251095
18.650000000000002 0.9756283143713289 0.19639040280654305
18.7 0.9854478345116561 0.14711801108096023
18.75 0.9928037350657041 0.09747782432767502
18.8 0.9976776262820878 0.04759394301357062
18.85 1.0000573234327663 -0.002408923158067698
18.900000000000002 0.9999368772748629 -0.052405767021810844
18.95 0.9973165889237724 -0.10227159646799946
19 0.9922030091003724 -0.1518817469230181
19.05 0.9846089217542215 -0.20111219301072916
19.1 0.9745533121036851 -0.24983985861591343
19.150000000000002 0.9620613191728894 -0.2979429245745579
19.200000000000003 0.9471641729441616 -0.345301133221766
19.25 0.9298991162830732 -0.39179608903591967
19.3 0.9103093118312772 -0.4373115546274835
19.35 0.888443734099903 -0.48173374133247865
19.400000000000002 0.864357047033279 -0.5249515936841426
19.450000000000003 0.8381094673490719 -0.5668570670515962
19.5 0.8097666139964921 -0.6073453977514208
19.55 0.7793993441089211 -0.6463153649568669
19.6 0.7470835758610778 -0.6836695437499208
19.650000000000002 0.7129000986735817 -0.7193145486835999
19.700000000000003 0.6769343712394017 -0.75316126724557
19.75 0.6392763078771232 -0.7851250826394262
19.8 0.6000200537451519 -0.8151260853266837
19.85 0.5592637494788177 -0.8430892728006246
19.900000000000002 0.5171092858387865 -0.8689447370925639
19.950000000000003 0.47366204898415826 -0.8926278395417718
20 0.42903065700706966 -0.9140793723921253
20.05 0.3833266883874634 -0.9332457068114985
20.1 0.3366644030468885 -0.950078926963843
20.150000000000002 0.28916045669869633 -0.9645369497987778
20.200000000000003 0.24093360920875745 -0.9765836302592157
20.25 0.19210442769579666 -0.9861888516440055
20.3 0.1427949851135964 -0.9933286008996853
20.35 0.09312855506861212 -0.9979850286531159
20.400000000000002 0.04322930363595632 -1.0001464938349136
20.450000000000003 -0.006778021055789361 -0.9998075927821242
20.5 -0.056768400694895575 -0.9969691727473794
20.55 -0.10661685933226456 -0.9916383297807662
20.6 -0.15619877582130287 -0.983828390989701
20.650000000000002 -0.20539019537078793 -0.9735588812211616
20.700000000000003 -0.25406813943184603 -0.9608554742495693
20.75 -0.3021109131443245 -0.9457499285923531
20.8 -0.34939840957394214 -0.928280008113656
20.85 -0.39581240997962497 -0.9084893876146747
20.900000000000002 -0.4412368793603587 -0.8864275436466568
20.950000000000003 -0.4855582565426916 -0.8621496308195222
21 -0.5286657380836677 -0.8357163439153389
21.05 -0.5704515552794346 -0.8071937661513672
21.1 -0.610811243587003 -0.776653203972017
21.150000000000002 -0.6496439037856039 -0.7441710087827368
21.200000000000003 -0.6868524542247407 -0.7098283860714998
21.25 -0.7223438735283157 -0.673711192395084
21.3 -0.7560294331480699 -0.6359097207376805
21.35 -0.7878249191849539 -0.5965184747784328
21.400000000000002 -0.8176508429238756 -0.555635932632239
21.450000000000003 -0.8454326395554875 -0.5133643006544646
21.5 -0.8711008545882107 -0.46980925792505407
21.55 -0.8945913174844634 -0.4250796920508309
21.6 -0.915845302087005 -0.37928742694648065
21.650000000000002 -0.934809673434329 -0.3325469432747642
21.700000000000003 -0.9514370205980672 -0.28497509224486084
21.75 -0.9656857752103103 -0.23669080348434532
21.8 -0.9775203153845275 -0.18781478771511895
21.85 -0.9869110547702835 -0.13846923497660477
21.900000000000002 -0.9938345165191137 -0.08877750915064908
21.950000000000003 -0.9982733919766461 -0.03886383955181677
22 -1.000216583954237 0.011146989645895083
22.05 -0.9996592344719422 0.061129951369492196
22.1 -0.9966027369034676 0.11096008821466558
22.150000000000002 -0.9910547324927342 0.1605128248393023
22.200000000000003 -0.9830290912507691 0.20966427940184074
22.25 -0.9725458772806771 0.2582915732658746
22.3 -0.9596312986173834 0.3062731381967438
22.35 -0.9443176417075462 0.3534890202821211
22.400000000000002 -0.9266431906934401 0.3998211798167931
22.450000000000003 -0.9066521317026005 0.44515378640192316
22.5 -0.8843944423825043 0.4893735085210484
22.55 -0.8599257669564518 0.532369796868871
22.6 -0.8333072771130083 0.5740351607245214
22.650000000000002 -0.8046055190767822 0.6142654366783605
22.700000000000003 -0.7738922472428642 0.6529600490405038
22.75 -0.7412442447908391 0.6900222612800457
22.8 -0.7067431317268368 0.7253594178663876
22.85 -0.6704751608335174 0.7588831759080634
22.900000000000002 -0.6325310020381143 0.7905097260099692
22.950000000000003 -0.5930055157376158 0.82016000179685
23 -0.5519975156477733 0.8477598775792387
23.05 -0.5096095217688114 0.8732403536676793
23.1 -0.4659475040854274 0.8965377288719506
23.150000000000002 -0.42112061764182984 0.9175937597540421
23.200000000000003 -0.37524092965412775 0.9363558062367485
23.25 -0.32842313934229034 0.9527769632038631
23.3 -0.2807842911820972 0.9668161777629679
23.35 -0.2324434822939488 0.9784383518776654
23.400000000000002 -0.18352156470006553 0.9876144301126687
23.450000000000003 -0.1341408431944321 0.9943214722723903
23.5 -0.08442476958081258 0.998542710751431
23.55 -0.03449763404324102 1.000267592453593
23.6 0.015515745579438633 0.9994918051746211
23.650000000000002 0.06549033583816968 0.9962172883827126
23.700000000000003 0.11530120025730531 0.9904522283698474
23.75 0.16482381167579768 0.9822110377860575
23.8 0.21393436356510057 0.9715143196078024
23.85 0.26251007954549066 0.9583888156305279
23.900000000000002 0.31042952032701704 0.942867339614177
23.950000000000003 0.3575728873077259 0.9249886952487907
24 0.40382232207016544 0.9047975791452824
24.05 0.44906220102742955 0.8823444690939108
24.1 0.4931794244821251 0.8576854978698046
24.150000000000002 0.5360636993756154 0.8308823129010239
24.200000000000003 0.5776078150206666 0.8020019221499906
24.25 0.6177079111281661 0.7711165265935822
24.3 0.6562637374578453 0.73830333972069
24.35 0.6931789044438798 0.7036443944984959
24.400000000000002 0.7283611241688045 0.6672263382900557
24.450000000000003 0.7617224410833073 0.6291402162358903
24.5 0.7931794518951019 0.5894812436411352
24.55 0.8226535140771586 0.5483485679372773
24.6 0.8500709424740225 0.5058450208135762
24.650000000000002 0.8753631935147013 0.46207686113784113
24.700000000000003 0.8984670365715933 0.4171535093092615
24.75 0.9193247120370565 0.37118727370740867
24.8 0.9378840757224269 0.3242930699212873
24.85 0.9540987292184913 0.27658813346036276
24.900000000000002 0.9679281358915094 0.2281917266657873
24.950000000000003 0.9793377222247988 0.17922484055454735
25 0.9882989642525262 0.12980989234192103
25.05 0.9947894588696222 0.08007041939843992
25.1 0.9987929798395442 0.030130770406462712
25.150000000000002 1.0002995183598673 -0.019884205511530653
25.200000000000003 0.9993053080842907 -0.0698494709157452
25.25 0.9958128345385034 -0.11964011264267038
25.3 0.98983082890637 -0.1691316540879889
25.35 0.9813742462019706 -0.21820036639808743
25.400000000000002 0.9704642278820662 -0.26672357779219075
25.450000000000003 0.9571280489924566 -0.31457998024181355
25.5 0.9413990499803659 -0.36164993274083185
25.55 0.9233165533433243 -0.40781576040799805
25.6 0.9029257653229243 -0.45296204867414425
25.650000000000002 0.8802776628892172 -0.4969759318186051
25.700000000000003 0.855428866298287 -0.5397473751335194
25.75 0.828441497541611 -0.5811694500105999
25.8 0.799383025041081 -0.621138601262654
25.85 0.7683260949779483 -0.6595549060115514
25.900000000000002 0.7353483496773707 -0.69632232349542
25.950000000000003 0.7005322335025997 -0.73134893517055
26 0.6639647867440722 -0.7645471745077536
26.05 0.6257374280186845 -0.7958340459086878
26.1 0.5859457257232501 -0.8251313321948502
26.150000000000002 0.5446891591135076 -0.8523657901505256
26.200000000000003 0.5020708696059812 -0.8774693336308247
26.25 0.45819740292444 -0.9003792037770467
26.3 0.4131784427355877 -0.9210381259138261
26.35 0.36712653643989634 -0.9393944527358209
26.400000000000002 0.3201568138031053 -0.9554022934259762
26.450000000000003 0.27238669913180646 -0.9690216283825664
26.5 0.22393561771267814 -0.9802184092682004
26.55 0.17492469724926812 -0.9889646441306638
26.6 0.12547646504273494 -0.9952384673828005
26.650000000000002 0.0757145416735949 -0.9990241944664803
26.700000000000003 0.025763331950270883 -1.000312361063994
26.75 -0.024252286102928816 -0.9990997467588475
26.8 -0.07420727344087119 -0.9953893830868039
26.85 -0.12397674259521138 -0.9891905459570434
26.900000000000002 -0.17343626989306354 -0.9805187324623902
26.950000000000003 -0.22246220651618306 -0.969395622136581
27 -0.2709319876230121 -0.9558490227554304
27.05 -0.31872443876078366 -0.9399128008173911
27.1 -0.36572007880165325 -0.9216267968773085
27.150000000000002 -0.41180141864551867 -0.9010367259450326
27.200000000000003 -0.4568532549427703 -0.8781940631978941
27.25 -0.500762958102665 -0.8531559152927608
27.3 -0.543420753867303 -0.8259848775993957
27.35 -0.5847199977472728 -0.796748877712032
27.400000000000002 -0.6245574416328744 -0.7655210056303883
27.450000000000003 -0.6628334919143938 -0.7323793310346686
27.5 -0.6994524584661272 -0.6974067081113622
27.55 -0.7343227938716954 -0.6606905684177774
27.6 -0.7673573222925842 -0.6223227023031482
27.650000000000002 -0.7984734574077417 -0.5823990294327611
27.700000000000003 -0.8275934088793797 -0.5410193589887922
27.75 -0.8546443768288193 -0.4982871401473512
27.8 -0.8795587338361869 -0.4543092034555419
27.85 -0.902274194008964 -0.4091954937550937
27.900000000000002 -0.9227339686967188 -0.36305879532025775
27.950000000000003 -0.9408869084627316 -0.3160144498971212
28 -0.9566876309575877 -0.2681800683492418
28.05 -0.9700966343750498 -0.2196752366304893
28.1 -0.9810803962065743 -0.17062121682016057
28.150000000000002 -0.9896114570475824 -0.12114064396778146
28.200000000000003 -0.9956684892459714 -0.07135721950548288
28.25 -0.9992363502212456 -0.021395401994420596
28.3 -1.0003061203209667 0.028619904021627743
28.35 -0.9988751251198853 0.07856366027762202
28.400000000000002 -0.9949469421060042 0.12831100738292223
28.450000000000003 -0.9885313917368581 0.17773757696976514
28.5 -0.9796445128883698 0.22671980261418362
28.55 -0.9683085227576607 0.27513522875206664
28.6 -0.9545517613200574 0.3228628168180695
28.650000000000002 -0.9384086204791539 0.3697832478420272
28.700000000000003 -0.9199194580870524 0.41577922074637985
28.75 -0.8991304970497335 0.46073574559886654
28.8 -0.8760937097697902 0.504540431087356
28.85 -0.8508666882154223 0.5470837654981271
28.900000000000002 -0.823512499940516 0.5882593904951529
28.950000000000003 -0.7940995304157583 0.6279643670159407
29 -0.7627013120649613 0.6660994326191888
29.05 -0.7293963404340018 0.7025692496408888
29.1 -0.6942678779519573 0.7372826435384867
29.150000000000002 -0.657403745775033 0.7701528308272384
29.200000000000003 -0.6188961042336711 0.8010976360389219
29.25 -0.5788412224317251 0.8300396971605082
29.3 -0.5373392375736997 0.8569066590391932
29.35 -0.49449390462174003 0.8816313542702802
29.400000000000002 -0.450412336908226 0.9041519711156915
29.450000000000003 -0.4052047383524414 0.9244122080333135
29.5 -0.3589841279507757 0.9423614144308523
29.55 -0.3118660572292331 0.957954717292314
29.6 -0.2639683213646174 0.9711531333605449
29.650000000000002 -0.21541066469659015 0.9819236665953743
29.700000000000003 -0.16631448136682142 0.9902393906637154
29.75 -0.11680251183363566 0.9960795162553971
29.8 -0.0669985360208658 0.9994294430564404
29.85 -0.017027063868043785 1.0002807962498426
29.900000000000002 0.03298697594444835 0.9986314474526201
29.950000000000003 0.08291854831707936 0.9944855200367662
30 0.13264282431891766 0.9878533788208202
30.05 0.1820354932599587 0.9787516041578224
30.1 0.23097307346784982 0.9672029504844298
30.150000000000002 0.2793332209920713 0.9532362894348263
30.200000000000003 0.32699503546381264 0.9368865376616357
30.25 0.3738393623468944 0.9181945695442909
30.3 0.41974909082410894 0.8972071150030855
30.35 0.46460944657426323 0.8739766426743724
30.400000000000002 0.5083082787079819 0.8485612287389732
30.450000000000003 0.5507363401449306 0.8210244117317267
30.5 0.5917875607315168 0.7914350336951509
30.55 0.6313593124162744 0.7598670680743371
30.6 0.6693526658199913 0.7263994347833376
30.650000000000002 0.7056726375591582 0.6911158029053797
30.700000000000003 0.7402284277044272 0.6541043815201583
30.75 0.7729336467804351 0.6154576991811365
30.8 0.8037065317394919 0.5752723725941619
30.85 0.8324701503692 0.5336488650757019
30.900000000000002 0.8591525936229851 0.4906912353945526
30.950000000000003 0.8836871553927128 0.446506877624917
31 0.9060124992739587 0.401206252661219
31.05 0.9260728119070196 0.35490261206586804
31.1 0.943817942510313 0.3077117149403524
31.150000000000002 0.9592035282573307 0.25975153852748584
31.200000000000003 0.972191105183705 0.21114198326830058
31.25 0.9827482043471201 0.16200457305094457
31.3 0.9908484329996673 0.11246215140096119
31.35 0.9964715405697153 0.06263857437247541
31.400000000000002 0.9996034692883391 0.012658400908058455
31.450000000000003 1.000236389333742 -0.03735341855862865
31.5 0.9983687184058107 -0.08727185447891919
31.55 0.9940051256818647 -0.13697211076301244
31.6 0.9871565201437141 -0.18632993677019816
31.650000000000002 0.9778400233052043 -0.23522193793545837
31.700000000000003 0.9660789264084313 -0.28352588425587993
31.75 0.9519026321956373 -0.3311210158656618
31.8 0.9353465814023543 -0.3778883449357795
31.85 0.9164521641555653 -0.4237109531435578
31.900000000000002 0.8952666164983875 -0.4684742839684771
31.950000000000003 0.8718429022999636 -0.5120664290834753
32 0.8462395808457899 -0.5543784081257648
32.050000000000004 0.8185206604395017 -0.5953044411477398
32.1 0.7887554383821147 -0.6347422130668455
32.15 0.7570183277287724 -0.6725931294532842
32.2 0.7233886712561082 -0.7087625630160896
32.25 0.6879505431053037 -0.7431600901713549
32.300000000000004 0.6507925385967359 -0.7756997171011917
32.35 0.6120075527416763 -0.8063000947382755
32.4 0.5716925480047625 -0.8348847221385136
32.45 0.5299483118978369 -0.8613821377334054
32.5 0.4868792050111666 -0.8857260979839637
32.550000000000004 0.4425929001119684 -0.9078557429895622
32.6 0.39720011296249025 -0.9277157486376867
32.65 0.35081432553060593 -0.945256464914217
32.7 0.3035515022848951 -0.9604340400284618
32.75 0.255529800283472 -0.9732105300426354
32.800000000000004 0.20686927378134023 -0.9835539937317024
32.85 0.15769157409475512 -0.9914385724364402
32.9 0.10811964547293311 -0.9968445547100868
32.95 0.05827741773742877 -0.9997584255969583
33 0.008289496457580856 -1.0001729004198374
33.050000000000004 -0.04171914856341102 -0.9980869429916669
33.1 -0.09162349571299436 -0.9935057682060172
33.15 -0.14129878412329522 -0.9864408289998524
33.2 -0.19062082557328786 -0.976909787721188
33.25 -0.23946631495934725 -0.9649364719732206
33.300000000000004 -0.2877131385580083 -0.9505508150453202
33.35 -0.3352406793102743 -0.9337887810798066
33.4 -0.3819301183642646 -0.9146922751615933
33.45 -0.4276647321223443 -0.8933090385554762
33.5 -0.4723301840501181 -0.8696925293529703
33.550000000000004 -0.5158148105177667 -0.8439017888270819
33.6 -0.5580098999591208 -0.8160012938291259
33.65 -0.598809964650577 -0.786060795596597
33.7 -0.6381130044304069 -0.7541551453750767
33.75 -0.6758207616991607 -0.7203641072901186
33.800000000000004 -0.7118389670636667 -0.6847721589369352
33.85 -0.7460775750105134 -0.6474682801864096
33.9 -0.7784509890198339 -0.6085457307354178
33.95 -0.8088782755566047 -0.5681018169575875
34 -0.8372833664044841 -0.5262376486373633
34.050000000000004 -0.8635952488363523 -0.4830578861955457
34.1 -0.8877481431461296 -0.4386704790382392
34.15 -0.9096816670980415 -0.39318639568333713
34.2 -0.9293409868822085 -0.3467193463392267
34.25 -0.9466769541991698 -0.2993854986292682
34.300000000000004 -0.9616462291306331 -0.2513031871727366
34.35 -0.9742113884892699 -0.20259261774827308
34.4 -0.9843410193766836 -0.1533755667794389
34.45 -0.9920097977156556 -0.10377507689365612
34.5 -0.9971985515603383 -0.0539151493156392
34.550000000000004 -0.9998943090261203 -0.003920433864333182
34.6 -1.000090330719337 0.04608408267163367
34.65 -0.9977861265857553 0.09597338900092144
34.7 -0.9929874571357092 0.1456227618577069
34.75 -0.9857063190428239 0.1949080778098481
34.800000000000004 -0.9759609151523315 0.24370612356746468
34.85 -0.9637756089739583 0.2918949040161626
34.9 -0.9491808637731501 0.3393539472048201
34.95 -0.9322131664129092 0.3859646055254656
35 -0.9129149361366359 0.4316103523322974
35.050000000000004 -0.891334418520021 0.47617707325829844
35.1 -0.8675255648571061 0.5195533515011538
35.15 -0.8415478972820484 0.5616307463652562
35.2 -0.8134663599637856 0.6023040643634455
35.25 -0.7833511567456133 0.6414716222007262
35.300000000000004 -0.751277575635577 0.679035500982505
35.35 -0.7173258005864517 0.7149017910118276
35.4 -0.6815807110358603 0.7489808265636206
35.45 -0.6441316697076792 0.7811874100490046
35.5 -0.605072299205229 0.8114410250092661
35.550000000000004 -0.5645002479547657 0.8396660374070044
35.6 -0.5225169460844155 0.8657918847112251
35.65 -0.4792273518488542 0.8897532523036679
35.7 -0.4347396892336708 0.9114902367653515
35.75 -0.38916517739540324 0.9309484956351216
35.800000000000004 -0.34261775261364713 0.948079383265804
35.85 -0.2952137834503569 0.9628400724383218
35.9 -0.24707177982844084 0.9751936614297438
35.95 -0.19831209675695363 0.9851092662675915
36 -0.14905663344357406 0.9925620979397702
36.050000000000004 -0.09942852854658554 0.9975335243670995
36.1 -0.04955185232823056 1.000011116983511
36.15 0.00044870352094499716 0.9999886818074638
36.2 0.05044813761131819 0.9974662749268979
36.25 0.10032145135766309 0.9924502023590147
36.300000000000004 0.14994396147561384 0.984953004285234
36.35 0.19919161168987554 0.9749934237007403
36.4 0.24794128287491254 0.9625963595569946
36.45 0.2960711008527623 0.9477928045143565
36.5 0.3434607410784801 0.9306197674604325
36.550000000000004 0.38999172945150173 0.9111201809878574
36.6 0.4355477385008946 0.8893427940628127
36.65 0.48001487820403527 0.8653420501526109
36.7 0.5232819807116658 0.8391779511170276
36.75 0.5652408782675171 0.8109159072036518
36.800000000000004 0.6057866736276997 0.7806265735222668
36.85 0.644818002303813 0.7483856734070762
36.9 0.6822372859741669 0.7142738091083678
36.95 0.7179509764295853 0.6783762602868886
37 0.7518697894439297 0.640782770814692
37.050000000000004 0.7839089279846643 0.6015873244154588
37.1 0.8139882942054372 0.560887909705187
37.15 0.8420326896906966 0.5187862752206521
37.2 0.8679720034517292 0.47538767504806567
37.25 0.8917413872041324 0.43080060568785905
37.300000000000004 0.9132814174885254 0.3851365348134328
37.35 0.9325382442291971 0.3385096226019729
37.4 0.9494637253592957 0.2910364363340081
37.45 0.9640155471759961 0.2428356589752083
37.5 0.9761573301247566 0.19402779246897048
37.550000000000004 0.9858587197482052 0.1447348564815602
37.6 0.9930954625722832 0.09508008335294604
37.65 0.9978494667399305 0.045187610015949516
37.7 1.000108847240728 -0.004817832346086889
37.75 0.9998679556234237 -0.054811230127258075
37.800000000000004 0.9971273941170608 -0.10466759983311111
37.85 0.9918940141254052 -0.15426230053938136
37.9 0.9841808990984362 -0.20347134549430318
37.95 0.974007331823721 -0.2521717120854892
38 0.9613987462194465 -0.30024164939646153
38.050000000000004 0.9463866637496234 -0.3475609825839427
38.1 0.9290086146204263 -0.39401141331496403
38.15 0.9093080439546781 -0.43947681551269796
38.2 0.8873342031790432 -0.4838435256716501
38.25 0.8631420268954607 -0.5270006270164231
38.300000000000004 0.8367919955446396 -0.5688402267936551
38.35 0.8083499842049569 -0.6092577260039029
38.400000000000006 0.7778870979047617 -0.648152080899141
38.45 0.7454794938598047 -0.6854260555921312
38.5 0.7112081910801982 -0.7209864651461411
38.550000000000004 0.6751588678228911 -0.7547444085372856
38.6 0.6374216473960268 -0.7866154909070869
38.650000000000006 0.5980908728506724 -0.8165200345496205
38.7 0.5572648711231913 -0.8443832781057801
38.75 0.5150457072179023 -0.8701355634666752
38.800000000000004 0.47153892904456857 -0.8937125099189036
38.85 0.4268533035486234 -0.9150551750963348
38.900000000000006 0.3811005447938066 -0.9341102023360252
38.95 0.3343950346770054 -0.9508299540698755
39 0.28685353697351157 -0.9651726309185511
39.050000000000004 0.23859490542758402 -0.9771023761899303
39.1 0.1897397866180875 -0.9865893655208348
39.150000000000006 0.14041031834204576 -0.993609881437937
39.2 0.0907298242701489 -0.9981463726514445
39.25 0.04082250563757668 -1.0001874979333234
39.300000000000004 -0.009186869259089493 -0.9997281544703689
39.35 -0.05917327698260794 -0.9967694906212385
39.400000000000006 -0.10901175151366987 -0.991318903045555
39.45 -0.15857769666594762 -0.9833900182122577
39.5 -0.20774719757656052 -0.9730026583334297
39.550000000000004 -0.256397330493232 -0.9601827918087681
39.6 -0.3044064700836704 -0.9449624683045845
39.650000000000006 -0.3516545934988996 -0.9273797386296395
39.7 -0.39802358043038155 -0.9074785596081204
39.75 -0.44339750841078757 -0.885308684187581
39.800000000000004 -0.48766294262016663 -0.8609255370565727
39.85 -0.5307092194729952 -0.8343900760829229
39.900000000000006 -0.5724287232771413 -0.8057686399190659
39.95 -0.6127171552730947 -0.7751327821554111
40 -0.6514737943808653 -0.7425590924363679
40.050000000000004 -0.6886017490026837 -0.7081290049862337
40.1 -0.7240081992519953 -0.6719285950236339
40.150000000000006 -0.757604629003177 -0.634048363573475
40.2 -0.7893070471818509 -0.5945830112143825
40.25 -0.81903619774257 -0.553631201327254
40.300000000000004 -0.8467177578089327 -0.5112953134368073
40.35 -0.8722825234807731 -0.4676811872627687
40.400000000000006 -0.8956665828439115 -0.4228978581205731
40.45 -0.9168114757499402 -0.3770572843330761
40.5 -0.9356643399665939 -0.3302740673347464
40.550000000000004 -0.9521780433333312 -0.2826651651680798
40.6 -0.9663113015917352 -0.23434960008849307
40.650000000000006 -0.9780287815961598 -0.18544816100868508
40.7 -0.9873011896465941 -0.1360831015263554
40.75 -0.9941053447229119 -0.08637783429020979
40.800000000000004 -0.9984242364374224 -0.03645662246833867
40.85 -1.0002470675608393 0.0135557309097033
40.900000000000006 -0.9995692810153541 0.06353419496047101
40.95 -0.9963925712673306 0.11335382352383755
41 -0.9907248800911387 0.1628900675283945
41.050000000000004 -0.982580376714719 0.21201908636413044
41.1 -0.9719794223965125 0.26061805748395606
41.150000000000006 -0.9589485195223146 0.3085654834600718
41.2 -0.943520245349311 0.3557414957275373
41.25 -0.9257331705629341 0.40202815425568406
41.300000000000004 -0.9056317628501499 0.44730974239819155
41.35 -0.8832662757302403 0.49147305618470355
41.400000000000006 -0.8586926229210051 0.5344076873307538
41.45 -0.8319722385544674 0.5760062992584772
41.5 -0.8031719235915435 0.6161648954380544
41.550000000000004 -0.7723636788196409 0.6547830793790365
41.6 -0.7396245248506891 0.6917643056215709
41.650000000000006 -0.7050363095696105 0.7270161211000514
41.7 -0.668685503514608 0.7604503962757818
41.75 -0.6306629837008189 0.7919835454608227
41.800000000000004 -0.5910638064277777 0.8215367357822116
41.85 -0.5499869696386671 0.849036084264145
41.900000000000006 -0.5075351654254598 0.874412842535418
41.95 -0.46381452329868894 0.8976035687003524
42 -0.4189343448636713 0.9185502859435359
42.050000000000004 -0.37300683056649453 0.9372006274718606
42.1 -0.3261467991929015 0.9535079674315057
42.150000000000006 -0.2784714008213262 0.9674315374725719
42.2 -0.23009982394769762 0.9789365286699568
42.25 -0.18115299751419978 0.9879941785456668
42.300000000000004 -0.13175328858691643 0.9945818429750126
42.35 -0.0820241964381658 0.9986830527969209
42.400000000000006 -0.032090043798319756 1.0002875549868369
42.45 0.017924333951022088 0.9993913382892857
42.5 0.06789390086548638 0.9959966432460114
42.550000000000004 0.11769373302778696 0.9901119565946221
42.6 0.16719933085751806 0.9817519900517463
42.650000000000006 0.21628693036010538 0.970937643533741
42.7 0.26483381253679245 0.9576959529069013
42.75 0.31271861018213754 0.9420600223977945
42.800000000000004 0.3598216113020273 0.9240689418326932
42.85 0.40602505839366193 0.9037676889130101
42.900000000000006 0.4512134428393124 0.8812070167710444
42.95 0.4952737936778646 0.8564433270871512
43 0.5380959600322222 0.8295385290855402
43.050000000000004 0.5795728864864992 0.8005598847612152
43.1 0.61960088072456 0.7695798407249872
43.150000000000006 0.6580798727608094 0.7366758470869468
43.2 0.6949136651151567 0.7019301638311889
43.25 0.7300101733067161 0.6654296551658531
43.300000000000004 0.7632816560650088 0.6272655723626026
43.35 0.7946449346831389 0.5875333256284456
43.400000000000006 0.8240216009645612 0.5463322455802175
43.45 0.8513382132435721 0.5037653349180389
43.5 0.876526479989474 0.45993901091856515
43.550000000000004 0.8995234305354022 0.414962839391795
43.6 0.9202715725049919 0.36894926076654544
43.650000000000006 0.9387190355433191 0.32201330898937947
43.7 0.9548197009927881 0.27427232393974005
43.75 0.9685333171897751 0.22584565808025128
43.800000000000004 0.9798256000937876 0.1768543780755619
43.85 0.9886683189975657 0.1274209621256836
43.900000000000006 0.9950393671038499 0.07766899377049111
43.95 0.9989228167923745 0.02772285293087238
44 1.000308959438918 -0.022292595041073525
44.050000000000004 0.9991943296868644 -0.07225231152541675
44.1 0.9955817141105936 -0.12203139723094644
44.150000000000006 0.9894801442490463 -0.17150540444339876
44.2 0.9809048740268763 -0.22055064814474257
44.25 0.9698773416196392 -0.26904451522572453
44.300000000000004 0.956425115858353 -0.3168657710186422
44.35 0.9405818273074209 -0.36389486238401325
44.400000000000006 0.9223870841882202 -0.4100142165934243
44.45 0.901886373358549 -0.45510853526135175
44.5 0.8791309465954814 -0.4990650825911258
44.550000000000004 0.8541776924659251 -0.5417739672144221
44.6 0.827088994105204 -0.5831284169196822
44.650000000000006 0.7979325732592198 -0.6230250455826432
44.7 0.7667813209800877 -0.6613641116316475
44.75 0.7337131153985053 -0.6980497674015728
44.800000000000004 0.6988106270284267 -0.7329902987529942
44.85 0.662161112090777 -0.766098354357533
44.900000000000006 0.6238561943729003 -0.7972911640761781
44.95 0.5839916361690913 -0.8264907458846327
45 0.5426670988748596 -0.8536241008283757
45.050000000000004 0.49998589383344083 -0.8786233955200478
45.1 0.4560547240574384 -0.9014261317229196
45.150000000000006 0.4109834174712924 -0.9219753025964843
45.2 0.36488465234146816 -0.9402195352135577
45.25 0.31787367558079027 -0.9561132189925973
45.300000000000004 0.2700680146311604 -0.9696166197241552
45.35 0.22158718364495267 -0.9806959789064029
45.400000000000006 0.17255238469963252 -0.9893235981413846
45.45 0.1230862047925633 -0.9954779083810128
45.5 0.07331230937351266 -0.9991435238496884
45.550000000000004 0.023355133181028234 -1.0003112805087397
45.6 -0.026660430844408757 -0.9989782589665193
45.650000000000006 -0.07660934379273472 -0.9951477917768825
45.7 -0.12636673338157883 -0.9888294551078035
45.75 -0.17580820613696901 -0.980039044800955
45.800000000000004 -0.22481015837701676 -0.9687985368821042
45.85 -0.273250085221122 -0.9551360326210481
45.900000000000006 -0.3210068868521744 -0.9390856882784393
45.95 -0.36796117126609634 -0.9206876297151345
46 -0.41399555275185307 -0.8999878520775418
46.050000000000004 -0.45899494535573016 -0.8770381048097553
46.1 -0.5028468505962179 -0.8518957622799445
46.150000000000006 -0.5454416387102151 -0.8246236803444337
46.2 -0.5866728227274368 -0.7952900392080618
46.25 -0.6264373246878399 -0.7639681729736698
46.300000000000004 -0.6646357333365234 -0.7307363863068437
46.35 -0.7011725526518655 -0.6956777586742504
46.400000000000006 -0.7359564405855781 -0.6588799366449715
46.45 -0.7689004374178267 -0.6204349147740801
46.5 -0.7999221831565306 -0.5804388056162535
46.550000000000004 -0.8289441234373434 -0.5389915994443863
46.6 -0.8558937034095627 -0.4961969142739082
46.650000000000006 -0.8807035491232581 -0.4521617368177453
46.7 -0.9033116359641453 -0.406996155019538
46.75 -0.9236614437151223 -0.3608130828337819
46.800000000000004 -0.9417020978568114 -0.3137279779409413
46.85 -0.9573884967538584 -0.2658585531032484
46.900000000000006 -0.9706814244090208 -0.21732448188279735
46.95 -0.9815476485031607 -0.16824709945763933
47 -0.9899600034760426 -0.1187490992838372
47.050000000000004 -0.9958974584402345 -0.06895422636182547
47.1 -0.9993451697583258 -0.018986967873909175
47.150000000000006 -1.0002945181520213 0.031027758033691892
47.2 -0.9987431302503367 0.08096491454620873
47.25 -0.9946948845230262 0.13069965877236006
47.300000000000004 -0.9881599015844083 0.18010765385158048
47.35 -0.9791545188918293 0.22906537979617195
47.400000000000006 -0.9677012499020207 0.27745044229127297
47.45 -0.953828727787457 0.3251418786806458
47.5 -0.9375716338534247 0.37202046037331704
47.550000000000004 -0.9189706108347588 0.417968990915055
47.6 -0.8980721612890061 0.46287259897950533
47.650000000000006 -0.8749285313400309 0.5066190255465068
47.7 -0.8495975800627056 0.5490989045496422
47.75 -0.8221426348352234 0.5902060362914033
47.800000000000004 -0.7926323330206533 0.629837652942436
47.85 -0.7611404503735315 0.6678946754611126
47.900000000000006 -0.7277457166004759 0.7042819612911364
47.95 -0.6925316185359192 0.7389085422179323
48 -0.6555861914250225 0.7716878517891834
48.050000000000004 -0.6170017988355634 0.8025379417309616
48.1 -0.5768749017490153 0.8313816868184124
48.150000000000006 -0.5353058174080947 0.8581469776888171
48.2 -0.4923984685236538 0.8827669011149998
48.25 -0.44826012346790384 0.9051799072883949
48.300000000000004 -0.4030011281034841 0.9253299636935691
48.35 -0.35673462991880567 0.9431666951895095
48.400000000000006 -0.30957629515933016 0.958645509947476
48.45 -0.2616440196619564 0.9717277109305739
48.5 -0.2130576341154277 0.9823805926363453
48.550000000000004 -0.16393860448361042 0.9905775228605258
48.6 -0.11440972834058413 0.996298009277555
48.650000000000006 -0.06459482787670638 0.9995277506713903
48.7 -0.014618440343136863 1.0002586726885472
48.75 0.0353944932912905 0.9984889480239827
48.800000000000004 0.08531894069248963 0.9942230009893582
48.85 0.13503009074195754 0.9874714964522604
48.900000000000006 0.18440366556457055 0.9782513131740319
48.95 0.23331623122327216 0.9665855016128683
49 0.2816455063039156 0.9525032262976725
49.050000000000004 0.32927066761879925 0.9360396929167325
49.1 0.3760726522646359 0.9172360603035007
49.150000000000006 0.4219344552798109 0.8961393375395101
49.2 0.4667414221567864 0.8728022664316708
49.25 0.51038153547837 0.8472831896577523
49.300000000000004 0.5527456949612576 0.8196459049096894
49.35 0.593727990206742 0.7899595053993522
49.400000000000006 0.6332259654767096 0.7582982071255168
49.45 0.6711408758329854 0.7247411633338675
49.5 0.7073779339996789 0.6893722666338835
49.550000000000004 0.741846547331373 0.6522799392673149
49.6 0.7744605442947388 0.6135569120525779
49.650000000000006 0.8051383898973676 0.5732999925577095
49.7 0.8338033895252531 0.5316098230814468
49.75 0.8603838806793255 0.4885906290474805
49.800000000000004 0.8848134121316995 0.44434995844089553
49.85 0.9070309100537443 0.3989984129382083
49.900000000000006 0.9269808307006546 0.3526493714031756
49.95 0.9446132992708134 0.3054187064396349
