0 1 0
0.05 1 -0.049999999999999996
0.1 0.99625 -0.09991666666666665
0.15000000000000002 0.99000546875 -0.14958345052083333
0.2 0.9812833257378472 -0.19887601545681421
0.25 0.970105393891059 -0.24767100056447686
0.30000000000000004 0.956499640769909 -0.2958462898963337
0.35000000000000003 0.940500109887773 -0.34328131804107576
0.4 0.9221468355307426 -0.38985737185536834
0.45 0.9014857425831885 -0.4354578875609735
0.5 0.8785685316112103 -0.479968742463632
0.55 0.8534525494915289 -0.5232785405636341
0.6000000000000001 0.8262006459095467 -0.5652788913432908
0.65 0.7968810160856679 -0.6058646810335946
0.7000000000000001 0.765567030123439 -0.6449343356811742
0.75 0.7323370494065462 -0.6823900753571702
0.8 0.6972742305041247 -0.7181381588718234
0.8500000000000001 0.6604663170750927 -0.7520891183823261
0.9 0.6220054202922627 -0.7841579833067795
0.9500000000000001 0.5819877883357103 -0.8142644929838614
1 0.5405135655322408 -0.8423332975459692
1.05 0.49768654174370475 -0.8682941465031035
1.1 0.4536138926313197 -0.8920820645655075
1.1500000000000001 0.4084059114459912 -0.9136375142650143
1.2000000000000002 0.36217573301583333 -0.9329065449680904
1.25 0.31503905062161974 -0.9498409279076195
1.3 0.26711382646869525 -0.9643982768954575
1.35 0.21851999647990722 -0.9765421544136267
1.4000000000000001 0.1693791701483281 -0.9862421628186049
1.4500000000000002 0.11981432620090723 -0.9934740204304241
1.5 0.06994950483467507 -0.9982196223161166
1.55 0.019909497295702634 -1.0004670856153521
1.6 -0.030180466422329286 -1.000210779294794
1.6500000000000001 -0.08019503097838808 -0.997451338256669
1.7000000000000002 -0.13000902939886005 -0.992195661766203
1.75 -0.17949779632173002 -0.984456896201817
1.8 -0.2285374799862415 -0.974254402171211
1.85 -0.2770053521872471 -0.9616137060755916
1.9000000000000001 -0.3247801154185498 -0.9465664362432183
1.9500000000000002 -0.3717422064365688 -0.92915024379206
2 -0.4177740954846207 -0.9094087084195721
2.0500000000000003 -0.46276058042896295 -0.8873912293553267
2.1 -0.506589075070481 -0.8631529017493581
2.15 -0.5491498909104718 -0.8367543788055389
2.2 -0.5903365116653587 -0.8082617200049739
2.25 -0.6300458598433158 -0.7777462257992132
2.3000000000000003 -0.6681785547156455 -0.7452842591869476
2.35 -0.7046391610372844 -0.7109570546206747
2.4000000000000004 -0.7393364278939665 -0.6748505147215337
2.45 -0.7721835170782739 -0.6370549953110214
2.5 -0.8030982204230157 -0.5976650792975382
2.5500000000000003 -0.8320031655480039 -0.5567793399836096
2.6 -0.8588260095052945 -0.5145000943861031
2.6500000000000004 -0.8834996198382432 -0.4709331471867578
2.7 -0.9059622426012242 -0.4261875259537931
2.75 -0.9261576569194896 -0.38037520829721005
2.8000000000000003 -0.9440353157023339 -0.33361084164058646
2.85 -0.959550472157375 -0.28601145631064867
2.9000000000000004 -0.9726642917893018 -0.2376961726626254
2.95 -0.9833439496027601 -0.18878590297431871
3 -0.9915627122660777 -0.13940304885492005
3.0500000000000003 -0.9973000050301677 -0.08967119492582648
3.1 -1.0005414632350955 -0.039714799540043665
3.1500000000000004 -1.001278968275372 0.010341116685824367
3.2 -0.9995106679339228 0.060371283747522576
3.25 -0.9952409810338062 0.1102504957540277
3.3000000000000003 -0.9884805863959968 0.15985392426879866
3.35 -0.9792463961308292 0.20905743070722424
3.4000000000000004 -0.9675615133299007 0.25773787700845785
3.45 -0.9534551742642734 0.3057734338041455
3.5 -0.9369626752335904 0.3530438853128151
3.5500000000000003 -0.9181252842491343 0.39943093019688813
3.6 -0.8969901377718102 0.44481847762937654
3.6500000000000004 -0.8736101227634391 0.48909293782931323
3.7 -0.8480437443465021 0.5321435063388068
3.75 -0.8203549794034939 0.5738624413302701
3.8000000000000003 -0.7906131164822321 0.6141453332498128
3.85 -0.7588925824077399 0.6528913661219686
3.9000000000000004 -0.7252727560345906 0.6900035698617903
3.95 -0.6898377696057847 0.7253890629628524
4 -0.6526762982152476 0.7589592849537837
4.05 -0.6138813379008098 0.7906302180415555
4.1000000000000005 -0.5735499729229854 0.8203225973868117
4.15 -0.5317831328119307 0.8479621094849737
4.2 -0.4886853397905722 0.8734795781566213
4.25 -0.4443644472059793 0.8968111376816532
4.3 -0.39893136962356085 0.9178983926439113
4.3500000000000005 -0.3524998052595334 0.9366885640862014
4.4 -0.3051859514462821 0.9531346216099096
4.45 -0.2571082138426748 0.9671954010885819
4.5 -0.20838691011704566 0.9788357077008408
4.55 -0.1591439688443978 0.9880264040247477
4.6000000000000005 -0.10950262437135522 0.9947444829731081
4.65 -0.059587108412485996 0.9989731253871513
4.7 -0.009522339149801391 1.0007017421444098
4.75 0.04056639138651405 0.9999260006753788
4.800000000000001 0.09055373087378277 0.9966478358225553
4.8500000000000005 0.14031458040422085 0.9908754450146379
4.9 0.1897244075589453 0.9826232677679256
4.95 0.23865955806509925 0.971911949566174
5 0.28699756525613607 0.9587682902092615
5.050000000000001 0.3346174565607996 0.9432251767598896
5.1000000000000005 0.38140005625377116 0.9253215012560848
5.15 0.42722828371030785 0.9051020633953942
5.2 0.4719874464184468 0.8826174584342809
5.25 0.5155655270154669 0.857923950583222
5.300000000000001 0.5578534636302531 0.8310833322143165
5.3500000000000005 0.59874542282996 0.8021627692337109
5.4 0.6381390644878759 0.7712346330057808
5.45 0.675935797909608 0.7383763192496599
5.5 0.7120410285765807 0.7036700543613132
5.550000000000001 0.746364394889323 0.6672026896458222
5.6000000000000005 0.7788199943180416 0.6290654839748041
5.65 0.8093265983944871 0.5893538754128608
5.7 0.8378078560070442 0.548167242384555
5.75 0.864192484490248 0.5056086549795937
5.800000000000001 0.8884144480304709 0.46178461701857637
5.8500000000000005 0.9104131229412706 0.4168047995247937
5.9 0.9301334493947438 0.37078176626906884
5.95 0.9475260692291264 0.3238306920744731
6 0.9625474494877267 0.27606907458587104
6.050000000000001 0.9751599913799848 0.22761644022560404
6.1000000000000005 0.985332124391932 0.1785940450711753
6.15 0.9930383853104927 0.1291245714035081
6.2 0.9982594819638203 0.07933182068518649
6.25 1.0009823415181114 0.02934040373702343
6.300000000000001 1.0012001432099897 -0.020724571111684194
6.3500000000000005 0.9989123354325035 -0.0707378111187823
6.4 0.9941246371319348 -0.12057415268721586
6.45 0.9868490235118856 -0.1701088746006037
6.5 0.9771036960803755 -0.21921801015252593
6.550000000000001 0.9649130371148711 -0.26777865738838363
6.6000000000000005 0.9503075486591628 -0.31566928668341354
6.65 0.933323776204715 -0.3627700448871029
6.7 0.9140042172474452 -0.40896305527284277
6.75 0.8923972149487398 -0.45413271254215226
6.800000000000001 0.8685568371667911 -0.4981659721451812
6.8500000000000005 0.8425427411609556 -0.5409526331934218
6.9 0.8144200243076871 -0.5823856142565921
6.95 0.7842590612016075 -0.6223612213534631
7 0.7521353275493523 -0.6607794074659322
7.050000000000001 0.7181292112968799 -0.6975440229268605
7.1000000000000005 0.6823258114628863 -0.7325630560550259
7.15 0.6448147251817331 -0.7657488634349554
7.2 0.6056898234888066 -0.7970183892653054
7.25 0.5650490164093991 -0.8262933732268227
7.300000000000001 0.5229940079389747 -0.853500546349642
7.3500000000000005 0.4796300415279812 -0.8785718143897111
7.4 0.4350656367081356 -0.9014444282553916
7.45 0.3894123175192787 -0.9220611410576907
7.5 0.34278433341642095 -0.9403703513910543
7.550000000000001 0.2952983733554174 -0.9563262324861104
7.6000000000000005 0.24707327377278637 -0.9698888469111064
7.65 0.19822972119046706 -0.9810242465349517
7.7 0.14888995018976553 -0.9897045575016566
7.75 0.09917743751032915 -0.9959080500034739
7.800000000000001 0.049216593039689414 -0.9996191926780856
7.8500000000000005 -0.0008675515333031805 -1.0008286914936624
7.9 -0.05094965562198077 -0.9995335130244399
7.95 -0.10090438341922559 -0.9957368920585223
8 -0.15060671756369443 -0.9894483235188324
8.05 -0.19993227200991695 -0.980683538717386
8.1 -0.24875760331927485 -0.9694644660022769
8.15 -0.29696051959281905 -0.9558191758958153
8.200000000000001 -0.34442038627278154 -0.9397818108610785
8.25 -0.3910184280474725 -0.9213924998725983
8.3 -0.4366380261040038 -0.9006972580049445
8.35 -0.48116500998491996 -0.8777478712904526
8.4 -0.5244879433183198 -0.852601767134215
8.450000000000001 -0.5664984027063835 -0.8253218706105974
8.5 -0.6070912490743382 -0.7959764470008776
8.55 -0.6461648908007633 -0.7646389309660364
8.6 -0.6836215379707021 -0.7313877427821794
8.65 -0.7193674471152611 -0.6963060920984465
8.700000000000001 -0.7533131558251858 -0.6594817697084928
8.75 -0.7853737066512398 -0.6210069278566243
8.8 -0.8154688597310267 -0.5809778496283654
8.85 -0.8435232936101016 -0.5394947080025546
8.9 -0.8694667937547678 -0.4966613151679391
8.950000000000001 -0.893234428284751 -0.45258486273160453
9 -0.9147667104859295 -0.4073756534693732
9.05 -0.9340097476963796 -0.3611468252894706
9.1 -0.9509153761930974 -0.31401406810025134
9.15 -0.9654412817417934 -0.2660953342905339
9.200000000000001 -0.9775511055080318 -0.21751054354708196
9.25 -0.9872145350646235 -0.16838128274794278
9.3 -0.9944073802674789 -0.11883050168267881
9.35 -0.9991116338099919 -0.06898220536097441
9.4 -1.001315516304373 -0.018961143679638977
9.450000000000001 -1.0010135057770693 0.03110750077535887
9.5 -0.9982063515044155 0.0810984260105223
9.55 -0.9929010721538499 0.13088652420610455
9.600000000000001 -0.9851109382353065 0.18034719481226485
9.65 -0.9748554389066593 0.22935665637654398
9.700000000000001 -0.9621602332162508 0.277792256322275
9.75 -0.947057085904485 0.3255327779026701
9.8 -0.9295837879251084 0.3724587435623908
9.850000000000001 -0.909784061885042 0.4184527139473978
9.9 -0.8877074526393728 0.46339958181476504
9.950000000000001 -0.8634092033152636 0.5071868601069035
10 -0.8369501170750064 0.5497049634692441
10.05 -0.8083964049641348 0.5908474825068336
10.100000000000001 -0.777819520225335 0.6305114500934687
10.15 -0.7452959794927683 0.6685975990668804
10.200000000000001 -0.71090717131425 0.7050106106650373
10.25 -0.6747391524804461 0.7396593530818039
10.3 -0.6368824326707633 0.7724571095449181
10.350000000000001 -0.5974317479548485 0.8033217953454717
10.4 -0.5564858237165063 0.8321761632757239
10.450000000000001 -0.5141471275933132 0.8589479969610897
10.5 -0.47052161305019896 0.8835702916024357
10.55 -0.42571845422870547 0.9059814216763253
10.600000000000001 -0.379849772735466 0.9261252951734901
10.65 -0.33303035705362727 0.9439514939894953
10.700000000000001 -0.2853773752793967 0.9594154001162201
10.75 -0.2370100819026051 0.9724783073183075
10.8 -0.1880495193650817 0.9831075180150654
10.850000000000001 -0.1386182151437108 0.9912764251253202
10.9 -0.08883987511623925 0.9969645786703618
10.950000000000001 -0.03883907397721063 1.000157736968256
11 0.011259056521214977 1.000847902291367
11.05 0.06132914072335052 0.9990333408978115
11.100000000000001 0.111245872835283 0.9947185873866737
11.15 0.16088433051615644 0.9879144333660405
11.200000000000001 0.21012028751064088 0.9786379004621746
11.25 0.2588305245401887 0.9669121977373343
11.3 0.30689313767503523 0.9527666636227629
11.350000000000001 0.3541878434152035 0.9362366925121287
11.4 0.4005962797170064 0.917363646199082
11.450000000000001 0.4460023022116854 0.896194750380526
11.5 0.4902922748748539 0.8727829764845764
11.55 0.5333553544192997 0.8471869091189069
11.600000000000001 0.5750837676994076 0.81947059947117
11.65 0.6153730814329486 0.7897034050283352
11.700000000000001 0.654122463565209 0.7579598160160315
11.75 0.6912349356213457 0.7243192689922092
11.8 0.726617615415406 0.6888659480615947
11.850000000000001 0.76018194950858 0.6516885742083826
11.9 0.7918439348349097 0.6128801832743549
11.950000000000001 0.821524328939783 0.5725378931380307
12 0.8491488483050387 0.5307626606774758
12.05 0.8746483542643221 0.48765902912497294
12.100000000000001 0.897959026043386 0.4433348664457999
12.15 0.9190225204922513 0.397901095395826
12.200000000000001 0.9377861181094463 0.35147141593346604
12.25 0.9542028549928466 0.30416202068066406
12.3 0.9682316403868592 0.2560913041449794
12.350000000000001 0.9798373595317378 0.20737956643046043
12.4 0.988990961557601 0.15814871217878732
12.450000000000001 0.9956695322031481 0.10852194549410277
12.5 0.9998563511770483 0.05862346161500398
12.55 1.0015409340184096 0.00857813610531035
12.600000000000001 1.0007190583515275 -0.041488787658565784
12.65 0.9973927744691655 -0.09145201192155397
12.700000000000001 0.9915704002178428 -0.14118649812076645
12.75 0.9832665001978879 -0.19056777980850095
12.8 0.9725018493302697 -0.23947227414428074
12.850000000000001 0.959303380881346 -0.28777759117638574
12.9 0.9437041190755596 -0.3353628401388596
12.950000000000001 0.9257430964646878 -0.38210893199744334
13 0.9054652562603962 -0.4278988774872731
13.05 0.8829213398744826 -0.47261807989645854
13.100000000000001 0.8581677599482133 -0.516154621862806
13.15 0.8312664591884715 -0.5583995454659324
13.200000000000001 0.8022847553639607 -0.5992471249137907
13.25 0.7712951728493369 -0.6385951311411617
13.3 0.7383752611388167 -0.6763450876579041
13.350000000000001 0.7036074007834137 -0.7124025170066536
13.4 0.6670785972374349 -0.7466771772131588
13.450000000000001 0.6288802631301262 -0.7790832876374866
13.5 0.5891079895073243 -0.8095397436608518
13.55 0.5478613066155795 -0.8379703196707662
13.600000000000001 0.5052434348273852 -0.8643038598364835
13.65 0.46136102633082365 -0.8884744561972734
13.700000000000001 0.4163238982300543 -0.9104216136178059
13.75 0.3702447577245657 -0.9300904011977942
13.8 0.3232389200549394 -0.9474315897569406
13.850000000000001 0.2754240199209768 -0.9624017750510808
13.9 0.2269197170943797 -0.9749634864111245
13.950000000000001 0.17784739696270457 -0.9850852805328768
14 0.12832986675399818 -0.9927418201829811
14.05 0.07849104820233319 -0.997913937623974
14.100000000000001 0.028455667423372084 -1.0005886825996857
14.15 -0.021651057223928488 -1.000759354760855
14.200000000000001 -0.07170372850831916 -0.9984255204497724
14.25 -0.12157708414572363 -0.9935930138019017
14.3 -0.17114631028180344 -0.9862739221616863
14.350000000000001 -0.22028735385309736 -0.9764865558489944
14.4 -0.26887723304501543 -0.9642554023518264
14.450000000000001 -0.3167943450697285 -0.9496110650598817
14.5 -0.36391877049369903 -0.9325901866922699
14.55 -0.4101325733532327 -0.9132353576109568
14.600000000000001 -0.455320096306968 -0.8915950092493612
14.65 -0.49936825008664076 -0.8677232929227703
14.700000000000001 -0.5421667965217272 -0.8416799443238249
14.75 -0.5836086244296493 -0.8135301340421514
14.8 -0.6235900176810798 -0.7833443044821959
14.850000000000001 -0.6620109147694633 -0.7511979935873538
14.9 -0.6987751592351322 -0.7171716458115108
14.950000000000001 -0.73379074031728 -0.681350410811025
15 -0.7669700232315086 -0.643823930360914
15.05 -0.7982299684966302 -0.6046861140284802
15.100000000000001 -0.8274923397618043 -0.5640349041657455
15.15 -0.854683899613872 -0.5219720308088007
15.200000000000001 -0.8797365928748273 -0.4786027570974308
15.25 -0.9025877169306697 -0.43403561585210926
15.3 -0.923180078665341 -0.3883821379675802
15.350000000000001 -0.9414621376069642 -0.34175657330273135
15.4 -0.9573881349281127 -0.294275604765242
15.450000000000001 -0.9709182079772345 -0.24605805630652092
15.5 -0.9820184900545661 -0.19722459555769245
15.55 -0.9906611951827996 -0.14789743185080206
15.600000000000001 -0.9968246876603141 -0.09820001038096315
15.65 -1.0004935362228686 -0.04825670327482709
15.700000000000001 -1.0016585526781712 0.001807501661497589
15.75 -1.0003168149165953 0.05186731373614149
15.8 -0.9964716742404168 0.1017974529239905
15.850000000000001 -0.9901327469931892 0.15147296339332522
15.9 -0.9813158905101622 0.2007695262219497
15.950000000000001 -0.9700431634498924 0.24956377052020223
16 -0.956342770606277 0.2977335821822251
16.05 -0.9402489923390858 0.3451584094928046
16.1 -0.921802098799557 0.3917195648249589
16.150000000000002 -0.9010482491656795 0.4373005216732343
16.2 -0.878039376139294 0.4817872062793384
16.25 -0.8528330559940347 0.5250682831202739
16.3 -0.8254923644992926 0.5670354335444907
16.35 -0.7960857190807281 0.6075836268587236
16.400000000000002 -0.7646867076123083 0.6466113831870703
16.45 -0.7313739042683 0.6840210274444573
16.5 -0.6962306728960341 0.7197189337888724
16.55 -0.6593449584014903 0.7536157599405751
16.6 -0.6208090666697497 0.7856266707818442
16.650000000000002 -0.5807194335710587 0.8156715506776585
16.7 -0.5391763836305627 0.8436752039859209
16.75 -0.4962838789656364 0.8695675432554002
16.8 -0.4521492591190971 0.8932837646403715
16.85 -0.40688297243937255 0.9147645100929285
16.900000000000002 -0.36059829967985074 0.9339560159270297
16.95 -0.3134110705091132 0.9508102473824455
17 -0.265439373641497 0.9652850188518088
17.05 -0.21680326131339783 0.9773440994698519
17.1 -0.16762444884487906 0.9869573038005406
17.150000000000002 -0.11802601003845278 0.9941005673951158
17.2 -0.06813206917731937 0.9987560070319081
17.25 -0.01806749039386351 1.0009119654871312
17.3 0.03204243481421143 1.0005630407245678
17.35 0.0820723011380915 0.9977100994310594
17.400000000000002 0.13189690329770265 0.9923602748638831
17.45 0.18139154938178678 0.9845269490153635
17.5 0.23043237290403493 0.9742297191393119
17.55 0.2788966427943207 0.9614943487230244
17.6 0.32666307054924243 0.9463527030274961
17.650000000000002 0.37361211377328973 0.9288426693571278
17.7 0.41962627535098057 0.9090080622584198
17.75 0.464590397501248 0.8868985138848632
17.8 0.50839194997816 0.8625693498023641
17.85 0.5509213116967049 0.8360814505459724
17.900000000000002 0.5920720450788259 0.8075010992743474
17.95 0.6317411624331064 0.7768998159031846
18 0.6698293837014405 0.7443541781326674
18.05 0.7062413849276296 0.7099456298168072
18.1 0.7408860368260597 0.6737602771542157
18.150000000000002 0.7736766328533917 0.6358886732103304
18.2 0.8045311062124623 0.5964255913103206
18.25 0.8333722352452918 0.5554697878697527
18.3 0.8601278367011513 0.513123755256528
18.35 0.8847309463959827 0.469493465302558
18.400000000000002 0.9071199868110192 0.42468810410703983
18.45 0.9272389212111399 0.3788197987949949
18.5 0.9450373938972243 0.33200333691486317
18.55 0.9604708562414752 0.28435587917737287
18.6 0.9735006781902557 0.23599666625456925
18.650000000000002 0.984094244955354 0.1870467203727535
18.7 0.992225038651659 0.13762854244611397
18.75 0.9978727046768977 0.08786580550899337
18.8 1.001023102667275 0.03788304521400041
18.85 1.0016683419014512 -0.012194651829479888
18.900000000000002 0.9998068010642179 -0.06224196109641701
18.95 0.9954431323203664 -0.11213363378349168
19 0.9885882496885151 -0.16174481025776916
19.05 0.9792593017439511 -0.21095133253224982
19.1 0.9674796287187575 -0.2596300549862912
19.150000000000002 0.9532787041065475 -0.3076591525532861
19.200000000000003 0.9366920609179068 -0.354918425604317
19.25 0.9177612027710559 -0.4012896007647757
19.3 0.896533500040199 -0.4466566269111101
19.35 0.8730620713214199 -0.4909059656069236
19.400000000000002 0.8474056505127306 -0.533926875251565
19.450000000000003 0.8196284398408831 -0.5756116882300798
19.5 0.7897999492027203 -0.6158560803709078
19.55 0.7579948222231001 -0.6545593320369606
19.6 0.7242926494646627 -0.6916245801966486
19.650000000000002 0.6887777692568722 -0.7269590608439991
19.700000000000003 0.6515390566427471 -0.7604743411611583
19.75 0.6126697009714298 -0.7920865408422402
19.8 0.572266972693166 -0.8217165420246052
19.85 0.5304319799402849 -0.8492901873021659
19.900000000000002 0.48726941550333697 -0.8747384653251374
19.950000000000003 0.442887294835581 -0.8979976835217187
20 0.3973966857414716 -0.9190096275094146
20.05 0.3509114304256067 -0.9377217067970225
20.1 0.3035478605977182 -0.9540870864126108
20.150000000000002 0.2554245063466675 -0.9680648041280415
20.200000000000003 0.20666179951200356 -0.9796198729866311
20.25 0.15738177229541336 -0.9887233688773251
20.3 0.10770775186630951 -0.9953525029361846
20.35 0.05776405172582624 -0.999490678593951
20.400000000000002 0.007675660601610172 -1.0011275331268836
20.450000000000003 -0.04243207034802688 -1.0002589636068422
20.5 -0.0924337412377924 -0.9968871371856315
20.55 -0.1422042172818605 -0.9910204856878305
20.6 -0.1916189419576984 -0.9826736845255954
20.650000000000002 -0.24055424872354414 -0.9718676159881651
20.700000000000003 -0.28888767050942593 -0.9586293169978988
20.75 -0.3364982462071828 -0.9429919114635535
20.8 -0.3832668233924552 -0.9249945274000518
20.85 -0.42907635652104087 -0.9046821990221185
20.900000000000002 -0.473812199853337 -0.8821057540567677
20.950000000000003 -0.5173623943737797 -0.8573216865566134
21 -0.5596179479872188 -0.8303920155322657
21.05 -0.6004731082909887 -0.8013841297575615
21.1 -0.639825627240016 -0.7703706191359855
21.150000000000002 -0.6775770170425889 -0.7374290930502712
21.200000000000003 -0.713632796646359 -0.702641986149745
21.25 -0.7479027281976949 -0.6660963520614213
21.3 -0.7803010428825947 -0.6278836455410738
21.35 -0.8107466555839408 -0.5880994936094468
21.400000000000002 -0.8391633678178633 -0.5468434562463307
21.450000000000003 -0.8654800584413129 -0.5042187772413641
21.5 -0.8896308616535452 -0.46033212582505967
21.55 -0.9115553318460144 -0.4152933297266252
21.6 -0.9311985948880893 -0.3692151003266084
21.650000000000002 -0.9485114854699465 -0.32221275059218046
21.700000000000003 -0.9634506701588895 -0.27440390650093544
21.75 -0.9759787558610956 -0.22590821267538255
21.8 -0.9860643834173134 -0.17684703296479584
21.85 -0.9936823060982415 -0.127343146723735
21.900000000000002 -0.9988134528031042 -0.07752044154732096
21.950000000000003 -1.0014449758032238 -0.02750360323221978
22 -1.0015702829110658 0.022582196260766636
22.05 -0.9991890539942094 0.0726116120616014
22.1 -0.9943072417928751 0.1224594400794545
22.150000000000002 -0.9869370570389221 0.17200093033964803
22.200000000000003 -0.9770969379135164 0.22111209918494476
22.25 -0.9648115039198635 0.26967003955986
22.3 -0.9501114942864035 0.31755322860147267
22.35 -0.9330336910545818 0.3646418317669488
22.400000000000002 -0.9136208270436347 0.4108180027366582
22.450000000000003 -0.8919214789226804 0.4559661783423325
22.5 -0.8679899456576733 0.4999733677821634
22.55 -0.8418861126373842 0.5427294353990341
22.6 -0.8136753018184076 0.5841273763141844
22.650000000000002 -0.7834281082641875 0.6240635842264892
22.700000000000003 -0.751220223487105 0.6624381107071319
22.75 -0.7171322460356995 0.6991549153407395
22.8 -0.6812494798010132 0.7341221060869505
22.85 -0.6436617205467906 0.7672521692608593
22.900000000000002 -0.6044630311977289 0.7984621885567587
22.950000000000003 -0.5637515064481191 0.8276740525670235
23 -0.5216290272799388 0.8548146502767657
23.05 -0.4782010060047165 0.8798160540449835
23.1 -0.43357612246720295 0.9026156896142433
23.150000000000002 -0.38786605207100333 0.9231564927233913
23.200000000000003 -0.3411851863067954 0.9413870519313217
23.25 -0.29365034648252086 0.9572617372943324
23.3 -0.2453804913719537 0.9707408145750039
23.35 -0.19649641951326957 0.9817905446967419
23.400000000000002 -0.14712046690263225 0.9903832681950513
23.450000000000003 -0.0973762008393389 0.9964974744541536
23.5 -0.04738811068869958 1.0001178555556351
23.55 0.002718703663458638 1.0012353446043254
23.6 0.05281884488499273 0.9998471384354493
23.650000000000002 0.1027869320168528 0.9959567046461859
23.700000000000003 0.1524979142523342 0.9895737729339963
23.75 0.20182738389090701 0.9807143107633542
23.8 0.25065188768342006 0.9694004834217383
23.85 0.29884923578950096 0.9556605985648063
23.900000000000002 0.34629880757394693 0.9395290353894946
23.950000000000003 0.3928818534768104 0.9210461586122536
24 0.4384817922017069 0.9002582174676586
24.05 0.4829845024785872 0.8772172299801232
24.1 0.5262786086707933 0.8519808527983004
24.150000000000002 0.5682557595116189 0.8246122369178848
24.200000000000003 0.6088108992727889 0.7951798696538509
24.25 0.6478425306862104 0.7637574032575707
24.3 0.6852529689609842 0.7304234706076808
24.35 0.7209485862599476 0.6952614884359183
24.400000000000002 0.754840046023897 0.6583594485803415
24.450000000000003 0.7868425265570407 0.6198096977883142
24.5 0.8168759333141088 0.579708706620292
24.55 0.8448650993578185 0.5381568280327232
24.6 0.8707399734849988 0.49525804624421116
24.650000000000002 0.8944357955505357 0.4511197165133999
24.700000000000003 0.915893258550339 0.40585229647979515
24.75 0.9350586570576647 0.35956906973984526
24.8 0.9518840216412807 0.31238586235004256
24.85 0.9663272389290439 0.26442075296650824
24.900000000000002 0.9783521570163773 0.21579377734645042
24.950000000000003 0.9879286759558157 0.16662662795099725
25 0.9950328231011188 0.1170423494011684
25.05 0.9996468131173577 0.06716503054912776
25.1 1.0017590925067512 0.017119493935333234
25.150000000000002 1.0013643685387825 -0.032969016591256846
25.200000000000003 0.9984636225121535 -0.08297514930816147
25.25 0.9930641073153479 -0.13277375832513746
25.3 0.9851793292918657 -0.18224021677564123
25.35 0.9748290144554729 -0.23125072871019545
25.400000000000002 0.9620390591399757 -0.2796826389111109
25.450000000000003 0.9468414652069825 -0.32741473985321357
25.5 0.9292742599737633 -0.37432757504236797
25.55 0.9093814010615549 -0.42030373797264986
25.6 0.8872126664024 -0.46522816595398503
25.650000000000002 0.8628235296797535 -0.5089884280749055
25.700000000000003 0.8362750215145358 -0.551475006579751
25.75 0.8076335767439987 -0.5925815709561213
25.8 0.776970868175564 -0.6322052440466275
25.85 0.7443636272316511 -0.6702468595189494
25.900000000000002 0.7098934519343124 -0.7066112100498285
25.950000000000003 0.673646602710185 -0.7412072856018675
26 0.6357137865267443 -0.7739485011967951
26.05 0.5961899299000533 -0.8047529136151439
26.1 0.5551739413420487 -0.8335434264799971
26.150000000000002 0.5127684638418393 -0.8602479832115313
26.200000000000003 0.4690796180004311 -0.8847997473694316
26.25 0.424216736461688 -0.9071372699318236
26.3 0.3782920903041206 -0.9272046430920524
26.35 0.33142060807821494 -0.9449516401883812
26.400000000000002 0.28371958819242193 -0.9603338414163842
26.450000000000003 0.23530840536757405 -0.9733127450093895
26.5 0.18630821189434357 -0.9838558636086903
26.55 0.13684163444136338 -0.9919368055823121
26.6 0.08703246717276891 -0.9975353410887857
26.650000000000002 0.03700536194315773 -1.0006374527205555
26.700000000000003 -0.013114483654721017 -1.0012353706002417
26.75 -0.06320163960885872 -0.9993275918418848
26.8 -0.11313075738935072 -0.9949188843284268
26.85 -0.16277688364666107 -0.9880202747959342
26.900000000000002 -0.21201577292172458 -0.9786490212543447
26.950000000000003 -0.2607241985852933 -0.9668285698137131
27 -0.3087802612283641 -0.9525884960239664
27.05 -0.35606369373190055 -0.9359644308749289
27.1 -0.4024561622523711 -0.91699797164177
27.150000000000002 -0.4478415623698445 -0.8957365777989559
27.200000000000003 -0.49210630965748786 -0.8722334522631503
27.25 -0.5351396239452711 -0.8465474082622302
27.3 -0.5768338065664622 -0.8187427221635516
27.35 -0.6170845098930542 -0.7888889726297438
27.400000000000002 -0.6557909984855653 -0.7570608665045246
27.450000000000003 -0.6928564012036326 -0.7233380518642418
27.5 -0.7281879536464433 -0.6878049187029657
27.55 -0.7616972303162457 -0.6505503877499076
27.6 -0.7933003659238979 -0.6116676879476398
27.650000000000002 -0.822918265282586 -0.5712541231479721
27.700000000000003 -0.8504768012644013 -0.529410828609325
27.75 -0.8759070003243357 -0.48624251790496453
27.8 -0.8991452151273722 -0.44185722087546286
27.85 -0.9201332838466173 -0.3963660132811624
27.900000000000002 -0.9388186757337793 -0.34988273883119647
27.950000000000003 -0.9551546225976539 -0.3025237242846979
28 -0.9691002358615386 -0.25440748833716703
28.05 -0.9806206089065908 -0.20565444502052596
28.1 -0.9896869044449661 -0.15638660235911797
28.150000000000002 -0.9962764267040373 -0.1067272570357847
28.200000000000003 -1.0003726782410047 -0.056800685832141734
28.25 -1.001965401245675 -0.006731834615247491
28.3 -1.0010506032280007 0.04335399435099668
28.35 -0.9976305670260576 0.09333145598718343
28.400000000000002 -0.991713845109369 0.14307547608770443
28.450000000000003 -0.9833152381917956 0.19246156433298353
28.5 -0.9724557582074717 0.2413661258412892
28.55 -0.9591625757424049 0.2896667704804312
28.6 -0.9434689520532556 0.3372426191652502
28.650000000000002 -0.9254141558433872 0.38397460637434994
28.700000000000003 -0.9050433650044232 0.42974577812898235
28.75 -0.8824075535691756 0.4744415846883493
28.8 -0.8575633641588166 0.5179501672288065
28.85 -0.8305729662434721 0.5601626377895079
28.900000000000002 -0.8015039005709158 0.6009733517838807
28.950000000000003 -0.7704289101526641 0.6402801723949201
29 -0.7374257582304099 0.6779847261926081
29.05 -0.702577033678321 0.7139926493337212
29.1 -0.6659699443281714 0.7482138237278627
29.150000000000002 -0.6276960987344993 0.7805626025786623
29.200000000000003 -0.5878512769259194 0.8109580247356737
29.25 -0.5465351907162777 0.8393240173205042
29.3 -0.5038512341754694 0.8655895861200504
29.35 -0.45990622488436905 0.8896889932703301
29.400000000000002 -0.4148101366213833 0.9115619217862034
29.450000000000003 -0.36867582414958633 0.9311536265251967
29.5 -0.3216187407931664 0.9484150712075904
29.55 -0.27375664950995887 0.9633030511498264
29.6 -0.22520932818312211 0.9757803014040454
29.650000000000002 -0.17609826986947844 0.9858155900330845
29.700000000000003 -0.1265463787546687 0.9933837962874668
29.75 -0.07667766257601341 0.9984659734886951
29.8 -0.02661692228281575 1.001049396461441
29.85 0.023510560289242505 1.001127593395882
29.900000000000002 0.07357933594798921 0.9987003620604079
29.950000000000003 0.12346410209429545 0.9937737703240831
30 0.17304001630556345 0.9863601409875148
30.05 0.22218300876839164 0.9764780209600485
30.1 0.27077009277851816 0.9641521348603886
30.150000000000002 0.318679672530978 0.9494133231567212
30.200000000000003 0.3657918474301899 0.9322984650011111
30.25 0.4119887121583943 0.9128503859512476
30.3 0.45715465175147946 0.8911177508104355
30.35 0.5011766309437229 0.8671549418539731
30.400000000000002 0.5439444770573174 0.8410219227466286
30.450000000000003 0.5853511557287044 0.8127840884917402
30.5 0.6252930387816602 0.7825121017874214
30.55 0.6636701635767344 0.7502817161993715
30.6 0.7003864831879688 0.7161735865927866
30.650000000000002 0.7353501067807786 0.6802730672977519
30.700000000000003 0.768473529589399 0.6426699985131954
30.75 0.7996738519183274 0.6034584814839198
30.8 0.8288729866196579 0.562736643013327
30.85 0.8559978545270438 0.5206063899011386
30.900000000000002 0.8809805673571623 0.47717315392063203
30.950000000000003 0.9037585976209191 0.4325456279735898
31 0.9242749351191368 0.386835494083239
31.05 0.9424782296310459 0.3401571439058858
31.1 0.9583229194384493 0.29262739246067604
31.150000000000002 0.9717693453638773 0.24436518579388458
31.200000000000003 0.9827838500373028 0.1954913033093201
31.25 0.9913388621429535 0.14612805550978053
31.3 0.997412965435344 0.09639897790598165
31.35 1.0009909523517688 0.0464285218589744
31.400000000000002 1.0020638620870457 -0.003658256870257365
31.450000000000003 1.0006290030351808 -0.05373601108458694
31.5 0.9966899595417545 -0.10367941584470117
31.55 0.9902565829500872 -0.15336348210817266
31.6 0.981344966963551 -0.20266386952873255
31.650000000000002 0.9699774073856476 -0.25145719763292784
31.700000000000003 0.9561823463385638 -0.2996213545954067
31.75 0.9399943010997639 -0.34703580284008195
31.8 0.9214537777346739 -0.39358188070236577
31.85 0.9006071697415594 -0.4391430993975223
31.900000000000002 0.8775066419622122 -0.48360543455193195
31.950000000000003 0.8522100000489307 -0.5268576115676652
32 0.8247805458144316 -0.5687913841061932
32.050000000000004 0.7952869188266565 -0.6093018049942841
32.1 0.763802924644864 -0.6482874888740926
32.15 0.7304073501268306 -0.6856508659401127
32.2 0.6951837662693389 -0.7212984261279659
32.25 0.6582203190753341 -0.7551409531438916
32.300000000000004 0.6196095089710946 -0.7870937477492297
32.35 0.5794479593254186 -0.8170768397410737
32.4 0.5378361746501039 -0.8450151880985616
32.45 0.4948782890868233 -0.8708388687938846
32.5 0.4506818058098079 -0.8944832497979668
32.550000000000004 0.40535732799648805 -0.9158891528428091
32.6 0.3590182820393439 -0.9350030015356386
32.65 0.3117806336916375 -0.9517769554541533
32.7 0.2637625978573835 -0.96616902988724
32.75 0.21508434275182317 -0.9781432009214637
32.800000000000004 0.1658676891727576 -0.9876694956102992
32.85 0.11623580563533192 -0.9947240670004087
32.9 0.06631290013321833 -0.9992892538271648
32.95 0.016223909297589156 -1.0013536247299835
33 -0.03390581426821409 -1.0009120068767743
33.050000000000004 -0.08395081569584184 -0.9979654989258303
33.1 -0.1337858518158451 -0.99252146829268
33.15 -0.18328620459260414 -0.9845935327286975
33.2 -0.23232799324587136 -0.974201526257535
33.25 -0.2807884842778078 -0.961371449554581
33.300000000000004 -0.3285463986296316 -0.9461354048935875
33.35 -0.37548221519917957 -0.9285315158232263
33.4 -0.42147846995978633 -0.9086038317745548
33.45 -0.4664200499318934 -0.8864022178380796
33.5 -0.5101944812716792 -0.861982229986226
33.550000000000004 -0.5526922107557223 -0.8354049760534437
33.6 -0.5938068799572348 -0.806736962821823
33.65 -0.633435591427693 -0.7760499295948705
33.7 -0.6714791662176944 -0.7434206686759088
33.75 -0.7078423920925471 -0.7089308332003365
33.800000000000004 -0.7424342618213796 -0.6726667328026373
33.85 -0.7751682009434037 -0.6347191176294714
33.9 -0.80596228444129 -0.5951829512393474
33.95 -0.8347394417793832 -0.5541571729571902
34 -0.8614276497935927 -0.5117444502785107
34.050000000000004 -0.8859601129502023 -0.46805092194278375
34.1 -0.9082754305224483 -0.42318593231899976
34.15 -0.9283177502664539 -0.3772617577680926
34.2 -0.9460369082118949 -0.3303933256670322
34.25 -0.96138855421752 -0.28269792679773365
34.300000000000004 -0.9743342629772712 -0.23429492182054346
34.35 -0.984841630199163 -0.18530544256686884
34.4 -0.992884353716183 -0.13585208889848335
34.45 -0.9984422993261857 -0.08605862189213925
34.5 -1.00150155119597 -0.036049654117315366
34.550000000000004 -1.0020544467033556 0.014049662217794356
34.6 -1.0000995956300256 0.06411394847160923
34.65 -0.9956418836570577 0.11401791334198089
34.7 -0.9886924601543599 0.16363666642125477
34.75 -0.9792687102945234 0.21284603074886826
34.800000000000004 -0.9673942115608447 0.261522853579287
34.85 -0.9530986747583143 0.30954531458754453
34.9 -0.9364178696751623 0.3567932307410614
34.95 -0.9173935355809578 0.4031483570747614
35 -0.8960732767852128 0.4484946826167514
35.050000000000004 -0.8725104435178249 0.49271872072396783
35.1 -0.8467639984294327 0.5357097931011781
35.15 -0.8188983690457408 0.5773603067925335
35.2 -0.7889832865450283 0.6175660234524545
35.25 -0.7570936112622811 0.6562263202219485
35.300000000000004 -0.723309145356608 0.6932444415574673
35.35 -0.6877144331107256 0.7285277413820538
35.4 -0.6503985493622542 0.7619879149527409
35.45 -0.6114548765962641 0.7935412198639055
35.5 -0.5709808712568945 0.8231086856334633
35.550000000000004 -0.5290778198628453 0.8506163113473632
35.6 -0.4858505855370642 0.8759952508677236
35.65 -0.4414073455849377 0.8991819851410761
35.7 -0.3958593207777046 0.9201184811754611
35.75 -0.3493204970185641 0.938752337288486
35.800000000000004 -0.3019073400880217 0.9550369142628085
35.85 -0.25373850418233307 0.968931452080781
35.9 -0.2049345349744439 0.9804011719460746
35.95 -0.15561756794053375 0.989417363336926
36 -0.10591102270712038 0.995957455873108
36.050000000000004 -0.05593929418364398 1.000005075816729
36.1 -0.005827441253495977 1.0015500870654213
36.15 0.044299126197429636 1.0005886165352906
36.2 0.09431496113142265 0.9971230638700591
36.25 0.14409489330343817 0.9911620954520651
36.300000000000004 0.19351434251369395 0.9827206227300662
36.35 0.24244963038443385 0.9718197649180418
36.4 0.29077828988059873 0.9584867961583038
36.45 0.33837937179979094 0.9427550772811061
36.5 0.38513374746450013 0.9246639723314908
36.550000000000004 0.43092440685906125 0.904258750072232
36.6 0.4756367514652134 0.8815904707093369
36.65 0.5191588810633934 0.8567158581235487
36.7 0.5613818737819971 0.8296971579275652
36.75 0.6022000586937393 0.8006019817041661
36.800000000000004 0.6415112802768885 0.7695031378150209
36.85 0.6792171540795165 0.7364784492035632
36.9 0.7152233129469094 0.7016105586478641
36.95 0.7494396431959074 0.6649867219508483
37 0.7817805101450949 0.6266985895853837
37.050000000000004 0.8121649724363996 0.5868419773406727
37.1 0.8405169846117093 0.5455166265438959
37.15 0.8667655874375052 0.5028259544571545
37.2 0.8908450855011736 0.458876795474342
37.25 0.9126952116345074 0.4137791337656043
37.300000000000004 0.9322612777528771 0.367645828038452
37.35 0.9494943117325442 0.32059232910431856
37.4 0.9643511799835296 0.2727363909573652
37.45 0.9767946954112503 0.22419777608857214
37.5 0.9867937104966983 0.1750979557725837
37.550000000000004 0.9943231952621814 0.1255598060773583
37.6 0.9993642999274684 0.07570730035738055
37.65 1.0019044020994952 0.02566519899999451
37.7 1.0019371383774935 -0.024441262798705614
37.75 0.9994624202944078 -0.07448668844705927
37.800000000000004 0.9944864345546627 -0.12434583377575018
37.85 0.9870216275676462 -0.17389392047508262
37.9 0.9770866743155744 -0.22300694836721208
37.95 0.9647064316336065 -0.2715620057318326
38 0.9499118760190935 -0.3194375769086927
38.050000000000004 0.9327400261255577 -0.3665138464071248
38.1 0.9132338501353298 -0.41267299876151237
38.15 0.8914421582426151 -0.45779951338226355
38.2 0.867419480516022 -0.5017804536643821
38.25 0.8412259304461769 -0.5445057496300959
38.300000000000004 0.8129270545198738 -0.5858684733981828
38.35 0.7825936681971806 -0.6257651067905835
38.400000000000006 0.7503016787019501 -0.6640958004065668
38.45 0.7161318950691872 -0.7007646235160652
38.5 0.6801698259246161 -0.7356798041467711
38.550000000000004 0.6425054655024931 -0.7687539587641252
38.6 0.6032330684371485 -0.7999043109693703
38.650000000000006 0.562450913891835 -0.8290528986683281
38.7 0.520261059615149 -0.8561267691924063
38.75 0.4767690865404977 -0.8810581618834928
38.800000000000004 0.43208383456775445 -0.9037846776857675
38.85 0.386317130188314 -0.9242494353199748
38.900000000000006 0.3395835066351736 -0.9424012136492802
38.95 0.29199991725837526 -0.9581945798803888
39 0.24368544284309887 -0.9715900032790515
39.050000000000004 0.194760993602859 -0.9825539541153366
39.1 0.14534900659358507 -0.9910589875910062
39.150000000000006 0.095573139305826 -0.9970838125389222
39.2 0.04555796020188815 -1.0006133447225138
39.25 -0.004571363027638137 -1.001638744601879
39.300000000000004 -0.054689376707797714 -1.000157439471966
39.35 -0.10467065513971346 -0.9961731299173888
39.400000000000006 -0.15439011449183496 -0.9896957805676877
39.45 -0.20372332583644662 -0.980741595176121
39.5 -0.25254682654802585 -0.9693329760843233
39.550000000000004 -0.3007384292841393 -0.9554984681742287
39.6 -0.3481775277756134 -0.9392726874474862
39.650000000000006 -0.3947453986606983 -0.9206962344110656
39.7 -0.44032549860784287 -0.8998155924857746
39.75 -0.4848037559834867 -0.8766830116918917
39.800000000000004 -0.5280688563349256 -0.8513563779029674
39.85 -0.570012520973783 -0.8238990679949597
39.900000000000006 -0.6105297779628841 -0.7943797912531739
39.95 -0.6495192248283403 -0.7628724174338658
40 -0.6868832823393562 -0.729455791910768
40.050000000000004 -0.7225284387206257 -0.694213538369121
40.1 -0.7563654836861242 -0.6572338495409562
40.150000000000006 -0.7883097317085767 -0.6186092665053061
40.2 -0.8182812339658164 -0.5784364471056375
40.25 -0.8462049784335884 -0.5368159240640383
40.300000000000004 -0.872011077624011 -0.4938518533974779
40.35 -0.8956349434998295 -0.4496517537657281
40.400000000000006 -0.9170174491266866 -0.4043262374032334
40.45 -0.9361050766588215 -0.35798873330827885
40.5 -0.9528500512878144 -0.31075520338218354
40.550000000000004 -0.9672104608191169 -0.2627438522288948
40.6 -0.9791503605770784 -0.2140748313412222
40.650000000000006 -0.988639863375895 -0.16486993841400366
40.7 -0.9956552143312785 -0.11525231253669074
40.75 -1.0001788503255826 -0.06534612602815609
40.800000000000004 -1.0021994439775295 -0.015276273684930064
40.85 -1.0017119320064554 0.034831939779450476
40.900000000000006 -0.9987175279200514 0.0848531133217698
40.95 -0.9932237189938055 0.13466206339835435
41 -0.9852442475496642 0.1841341372507966
41.050000000000004 -0.9747990765807258 0.23314552486414963
41.1 -0.9619143398079508 0.28157356881688
41.150000000000006 -0.9466222762938384 0.32929707124714147
41.2 -0.9289611497766647 0.3761965971671454
41.25 -0.9089751529271171 0.4221547733665425
41.300000000000004 -0.8867142967668945 0.467056582156767
41.35 -0.8622342855259751 0.510789649221202
41.400000000000006 -0.8355963772516974 0.5532445248507765
41.45 -0.806867230518458 0.5943149578611538
41.5 -0.7761187376216152 0.6338981615059859
41.550000000000004 -0.7434278446730131 0.6718950707207353
41.6 -0.708876359048322 0.7082105900532641
41.650000000000006 -0.6725507446680454 0.742753831660691
41.7 -0.6345419056244944 0.7754383427768784
41.75 -0.5949449586961936 0.8061823220812617
41.800000000000004 -0.5538589953189975 0.8349088244275045
41.85 -0.5113868336095834 0.8615459534195935
41.900000000000006 -0.4676347610618802 0.886027041353402
41.95 -0.42271226856034105 0.9082908160733628
42 -0.376731776375695 0.9282815543266414
42.050000000000004 -0.32980835282888304 0.9459492212309896
42.1 -0.28205942632723235 0.9612495955072086
42.150000000000006 -0.23360449149351156 0.9741443801627786
42.2 -0.1845648101232952 0.9846012983496177
42.25 -0.13506310771900976 0.9925941741560383
42.300000000000004 -0.08522326636010566 0.998102998130671
42.35 -0.0351700146779709 1.001113977374335
42.400000000000006 0.014971384288550625 1.0016195700744555
42.45 0.06507544657586661 0.9996185043955607
42.5 0.11501678133204943 0.995115781678542
42.550000000000004 0.16467040462104646 0.9881226639406305
42.6 0.21391205220935883 0.9786566457073317
42.650000000000006 0.2626184905524038 0.9667414102467696
42.7 0.3106678252022796 0.9524067703159301
42.75 0.3579398058651024 0.93568859356705
42.800000000000004 0.40431612734446903 0.916628712800791
42.85 0.4496807256178907 0.89527482129076
42.900000000000006 0.4939200683052225 0.8716803534412989
42.95 0.5369234388021463 0.8459043510771712
43 0.5785832133676156 0.8180113156997325
43.050000000000004 0.6187951304718032 0.7880710470792935
43.1 0.6574585517304602 0.7561584685875795
43.150000000000006 0.6944767137726471 0.7223534397073754
43.2 0.7297569704114891 0.6867405561885378
43.25 0.7632110245118708 0.6494089383504729
43.300000000000004 0.7947551489747704 0.6104520080608447
43.35 0.8243103962851682 0.5699672549486184
43.400000000000006 0.8518027960990837 0.5280559924364884
43.45 0.8771635403752269 0.48482310420321717
43.5 0.9003291555879205 0.44037678171036854
43.550000000000004 0.9212416615902771 0.3948282534502757
43.6 0.9398487167300257 0.34829150659281066
43.650000000000006 0.9561037488547824 0.3008830017275425
43.7 0.9699660718788757 0.25272138141515565
43.75 0.9814009876199657 0.20392717327749244
43.800000000000004 0.9903798726505636 0.1546224883692545
43.85 0.9968802499470559 0.1049307155862082
43.900000000000006 1.000885845156886 0.0549762128746592
43.95 1.0023866273430357 0.004883996014969326
44 1.0013788341038017 -0.045220574242038306
44.050000000000004 0.9978649810049595 -0.09521210590281556
44.1 0.9918538553006698 -0.1449654895378324
44.150000000000006 0.9833604939587997 -0.1943562113819919
44.2 0.9724061460456117 -0.24326066494514853
44.25 0.9590182195639178 -0.2915564603528869
44.300000000000004 0.943230212877698 -0.33912273064339726
44.35 0.9250816308947645 -0.3858404342538986
44.400000000000006 0.9046178862171889 -0.4315926529395956
44.45 0.8818901855068388 -0.4762648843795833
44.5 0.8569554013503659 -0.519745328737408
44.550000000000004 0.8298759299442777 -0.5619251684591201
44.6 0.8007195349562183 -0.602698840608578
44.650000000000006 0.7695591779531711 -0.6419643010584337
44.7 0.7364728358209236 -0.6796232798756141
44.75 0.7015433056316858 -0.7155815272621452
44.800000000000004 0.664857997448169 -0.7497490494358013
44.85 0.6265087155826249 -0.7820403338602371
44.900000000000006 0.5865914288582352 -0.8123745632609112
44.95 0.5452060304477703 -0.8406758178911757
45 0.502456087890518 -0.8668732655423083
45.050000000000004 0.45844858391306686 -0.8909013388219329
45.1 0.413293648702543 -0.9126998992571407
45.150000000000006 0.36710428430229297 -0.9322143878115885
45.2 0.31999608181972194 -0.9493959614398562
45.25 0.27208693215398505 -0.964201615337283
45.300000000000004 0.2234967309674503 -0.9765942905793044
45.35 0.1743470786392584 -0.9865429668808702
45.400000000000006 0.12476097595186458 -0.9940227402437667
45.45 0.07486251627212753 -0.9990148852974812
45.5 0.024776574997287117 -1.0015069021775553
45.550000000000004 -0.02537150295698295 -1.0014925478240684
45.6 -0.07545621684435733 -0.9989718516218825
45.650000000000006 -0.12535222416644248 -0.9939511153434666
45.7 -0.17493465435614713 -0.9864428973944024
45.75 -0.22407942128081268 -0.9764659814009584
45.800000000000004 -0.2726635337830281 -0.9640453292183035
45.85 -0.32056540348196266 -0.9492120184769219
45.900000000000006 -0.3676651490649039 -0.932003164823486
45.95 -0.4138448963074694 -0.9124618290507471
46 -0.45898907307164893 -0.8906369093488232
46.050000000000004 -0.5029846985433998 -0.8665830189474958
46.1 -0.545721665985932 -0.8403603494556923
46.150000000000006 -0.587093018301047 -0.8120345202401236
46.2 -0.626995215708889 -0.7816764142199868
46.25 -0.6653283948761909 -0.7493620004886383
46.300000000000004 -0.7019966188444973 -0.7151721442061114
46.35 -0.7369081171328682 -0.6791924042382098
46.400000000000006 -0.7699755154141549 -0.6415128190485738
46.45 -0.801116054190032 -0.6022276813795175
46.5 -0.8302517959174988 -0.5614353022854927
46.550000000000004 -0.8573098200684642 -0.5192377651096818
46.6 -0.8822224056342263 -0.4757406700193964
46.650000000000006 -0.904927200618076 -0.43105286973958024
46.7 -0.9253673780918191 -0.3852861971457522
46.75 -0.9434917784256327 -0.3385551853980934
46.800000000000004 -0.9592550373352738 -0.29097678131705484
46.85 -0.9726176994261535 -0.2426700527177749
46.900000000000006 -0.9835463169500797 -0.19375589043571795
46.95 -0.9920135335274839 -0.1443567057892336
47 -0.9979981526255665 -0.09459612423615579
47.050000000000004 -1.0014851906209477 -0.044598675991089555
47.1 -1.0024659143139896 0.0055105156223596435
47.150000000000006 -1.0009378628008645 0.05560604730448803
47.2 -0.9969048536485915 0.10556254961388255
47.25 -0.9903769733575469 0.15525500071789458
47.300000000000004 -0.9813705521352769 0.20455903927400418
47.35 -0.9699081230447003 0.2533512756590537
47.400000000000006 -0.9560183656289002 0.30150960076746186
47.45 -0.9397360341535455 0.34891349160561214
47.5 -0.9211018706464851 0.39544431291762366
47.550000000000004 -0.9001625029521031 0.4409856140876445
47.6 -0.8769703280555241 0.48542342057562476
47.650000000000006 -0.8515833809686251 0.528646519157207
47.7 -0.8240651895059424 0.570546736253873
47.75 -0.7944846153138767 0.6110192086567803
47.800000000000004 -0.7629156815509993 0.649962645966751
47.85 -0.7294373876506762 0.6872795840936091
47.900000000000006 -0.69413351162955 0.7228766291804327
47.95 -0.6570924004365923 0.7566646913422503
48 -0.6184067488673705 0.7885592076341987
48.050000000000004 -0.5781733675967864 0.8184803536911122
48.1 -0.5364929409107849 0.8463532435088632
48.150000000000006 -0.49346977474330517 0.8721081168674503
48.2 -0.44921153564901506 0.8956805139267527
48.25 -0.4038289813650531 0.9170114365579767
48.300000000000004 -0.3574356836360536 0.9360474960070063
48.35 -0.310147743996096 0.9527410465200834
48.400000000000006 -0.26208350321884416 0.9670503045973644
48.45 -0.2133632451629926 0.9789394535758742
48.5 -0.16410889575416276 0.9883787332800871
48.550000000000004 -0.11444371785656646 0.9953445145157369
48.6 -0.06449200279804201 0.9998193582203875
48.650000000000006 -0.014378759320445939 1.0017920591226928
48.7 0.0357705992661718 1.0012576738010446
48.75 0.08583056894268379 0.9982175330713475
48.800000000000004 0.13567586906782902 0.9926792386728781
48.85 0.18518175590694916 0.984656644260481
48.900000000000006 0.23422433481787674 0.974169820750632
48.95 0.28268087031269346 0.961245006108049
49 0.3304300932193902 0.9459145396984787
49.050000000000004 0.37735250417471655 0.9282167813719047
49.1 0.4233306726886871 0.9081960154786407
49.150000000000006 0.4682495310322923 0.8859023400584818
49.2 0.5119966622129143 0.8613915414801875
49.25 0.5544625813167448 0.8347249548449891
49.300000000000004 0.5955410095140959 0.805969310503439
49.35 0.6351291400418602 0.7751965670696727
49.400000000000006 0.6731278954974462 0.7424837313509487
49.45 0.7094421758002653 0.7079126656430779
49.5 0.743981096200191 0.671569882873972
49.550000000000004 0.7766582147373279 0.6335463301079558
49.6 0.8073917485838155 0.5939371609526156
49.650000000000006 0.8361047787262245 0.5528414974377313
49.7 0.8627254424762715 0.5103621819621873
49.75 0.8871871133280443 0.46660551992961774
49.800000000000004 0.9094285677115919 0.42168101371683997
49.85 0.929394138225526 0.37570108864082946
49.900000000000006 0.9470338529651197 0.3287808116100101
49.95 0.962303560597181 0.2810376031639465
